
*** starts with 196, last byte increments by 1, last byte range 128 182 2
[196, 128] ---> [[196, 129]]
[196, 130] ---> [[196, 131]]
[196, 132] ---> [[196, 133]]
[196, 134] ---> [[196, 135]]
[196, 136] ---> [[196, 137]]
[196, 138] ---> [[196, 139]]
[196, 140] ---> [[196, 141]]
[196, 142] ---> [[196, 143]]
[196, 144] ---> [[196, 145]]
[196, 146] ---> [[196, 147]]
[196, 148] ---> [[196, 149]]
[196, 150] ---> [[196, 151]]
[196, 152] ---> [[196, 153]]
[196, 154] ---> [[196, 155]]
[196, 156] ---> [[196, 157]]
[196, 158] ---> [[196, 159]]
[196, 160] ---> [[196, 161]]
[196, 162] ---> [[196, 163]]
[196, 164] ---> [[196, 165]]
[196, 166] ---> [[196, 167]]
[196, 168] ---> [[196, 169]]
[196, 170] ---> [[196, 171]]
[196, 172] ---> [[196, 173]]
[196, 174] ---> [[196, 175]]
[196, 178] ---> [[196, 179]]
[196, 180] ---> [[196, 181]]
[196, 182] ---> [[196, 183]]

*** starts with 196, last byte increments by 1, last byte range 185 189 2
[196, 185] ---> [[196, 186]]
[196, 187] ---> [[196, 188]]
[196, 189] ---> [[196, 190]]

*** starts with 197, last byte increments by 1, last byte range 129 135 2
[197, 129] ---> [[197, 130]]
[197, 131] ---> [[197, 132]]
[197, 133] ---> [[197, 134]]
[197, 135] ---> [[197, 136]]

*** starts with 197, last byte increments by 1, last byte range 138 182 2
[197, 138] ---> [[197, 139]]
[197, 140] ---> [[197, 141]]
[197, 142] ---> [[197, 143]]
[197, 144] ---> [[197, 145]]
[197, 146] ---> [[197, 147]]
[197, 148] ---> [[197, 149]]
[197, 150] ---> [[197, 151]]
[197, 152] ---> [[197, 153]]
[197, 154] ---> [[197, 155]]
[197, 156] ---> [[197, 157]]
[197, 158] ---> [[197, 159]]
[197, 160] ---> [[197, 161]]
[197, 162] ---> [[197, 163]]
[197, 164] ---> [[197, 165]]
[197, 166] ---> [[197, 167]]
[197, 168] ---> [[197, 169]]
[197, 170] ---> [[197, 171]]
[197, 172] ---> [[197, 173]]
[197, 174] ---> [[197, 175]]
[197, 176] ---> [[197, 177]]
[197, 178] ---> [[197, 179]]
[197, 180] ---> [[197, 181]]
[197, 182] ---> [[197, 183]]

*** starts with 197, last byte increments by 1, last byte range 185 189 2
[197, 185] ---> [[197, 186]]
[197, 187] ---> [[197, 188]]
[197, 189] ---> [[197, 190]]

*** starts with 198, last byte increments by 1, last byte range 130 132 2
[198, 130] ---> [[198, 131]]
[198, 132] ---> [[198, 133]]

*** starts with 198, last byte increments by 1, last byte range 160 164 2
[198, 160] ---> [[198, 161]]
[198, 162] ---> [[198, 163]]
[198, 164] ---> [[198, 165]]

*** starts with 198, last byte increments by 1, last byte range 179 181 2
[198, 179] ---> [[198, 180]]
[198, 181] ---> [[198, 182]]

*** starts with 199, last byte increments by 1, last byte range 139 155 2
[199, 139] ---> [[199, 140]]
[199, 141] ---> [[199, 142]]
[199, 143] ---> [[199, 144]]
[199, 145] ---> [[199, 146]]
[199, 147] ---> [[199, 148]]
[199, 149] ---> [[199, 150]]
[199, 151] ---> [[199, 152]]
[199, 153] ---> [[199, 154]]
[199, 155] ---> [[199, 156]]

*** starts with 199, last byte increments by 1, last byte range 158 174 2
[199, 158] ---> [[199, 159]]
[199, 160] ---> [[199, 161]]
[199, 162] ---> [[199, 163]]
[199, 164] ---> [[199, 165]]
[199, 166] ---> [[199, 167]]
[199, 168] ---> [[199, 169]]
[199, 170] ---> [[199, 171]]
[199, 172] ---> [[199, 173]]
[199, 174] ---> [[199, 175]]

*** starts with 199, last byte increments by 1, last byte range 178 190 2
[199, 178] ---> [[199, 179]]
[199, 180] ---> [[199, 181]]
[199, 184] ---> [[199, 185]]
[199, 186] ---> [[199, 187]]
[199, 188] ---> [[199, 189]]
[199, 190] ---> [[199, 191]]

*** starts with 200, last byte increments by 1, last byte range 128 178 2
[200, 128] ---> [[200, 129]]
[200, 130] ---> [[200, 131]]
[200, 132] ---> [[200, 133]]
[200, 134] ---> [[200, 135]]
[200, 136] ---> [[200, 137]]
[200, 138] ---> [[200, 139]]
[200, 140] ---> [[200, 141]]
[200, 142] ---> [[200, 143]]
[200, 144] ---> [[200, 145]]
[200, 146] ---> [[200, 147]]
[200, 148] ---> [[200, 149]]
[200, 150] ---> [[200, 151]]
[200, 152] ---> [[200, 153]]
[200, 154] ---> [[200, 155]]
[200, 156] ---> [[200, 157]]
[200, 158] ---> [[200, 159]]
[200, 162] ---> [[200, 163]]
[200, 164] ---> [[200, 165]]
[200, 166] ---> [[200, 167]]
[200, 168] ---> [[200, 169]]
[200, 170] ---> [[200, 171]]
[200, 172] ---> [[200, 173]]
[200, 174] ---> [[200, 175]]
[200, 176] ---> [[200, 177]]
[200, 178] ---> [[200, 179]]

*** starts with 207, last byte increments by 1, last byte range 152 190 2
[207, 152] ---> [[207, 153]]
[207, 154] ---> [[207, 155]]
[207, 156] ---> [[207, 157]]
[207, 158] ---> [[207, 159]]
[207, 160] ---> [[207, 161]]
[207, 162] ---> [[207, 163]]
[207, 164] ---> [[207, 165]]
[207, 166] ---> [[207, 167]]
[207, 168] ---> [[207, 169]]
[207, 170] ---> [[207, 171]]
[207, 172] ---> [[207, 173]]
[207, 174] ---> [[207, 175]]
[209, 160] ---> [[209, 161]]
[209, 162] ---> [[209, 163]]
[209, 164] ---> [[209, 165]]
[209, 166] ---> [[209, 167]]
[209, 168] ---> [[209, 169]]
[209, 170] ---> [[209, 171]]
[209, 172] ---> [[209, 173]]
[209, 174] ---> [[209, 175]]
[209, 176] ---> [[209, 177]]
[209, 178] ---> [[209, 179]]
[209, 180] ---> [[209, 181]]
[209, 182] ---> [[209, 183]]
[209, 184] ---> [[209, 185]]
[209, 186] ---> [[209, 187]]
[209, 188] ---> [[209, 189]]
[209, 190] ---> [[209, 191]]

*** starts with 210, last byte increments by 1, last byte range 138 190 2
[210, 138] ---> [[210, 139]]
[210, 140] ---> [[210, 141]]
[210, 142] ---> [[210, 143]]
[210, 144] ---> [[210, 145]]
[210, 146] ---> [[210, 147]]
[210, 148] ---> [[210, 149]]
[210, 150] ---> [[210, 151]]
[210, 152] ---> [[210, 153]]
[210, 154] ---> [[210, 155]]
[210, 156] ---> [[210, 157]]
[210, 158] ---> [[210, 159]]
[210, 160] ---> [[210, 161]]
[210, 162] ---> [[210, 163]]
[210, 164] ---> [[210, 165]]
[210, 166] ---> [[210, 167]]
[210, 168] ---> [[210, 169]]
[210, 170] ---> [[210, 171]]
[210, 172] ---> [[210, 173]]
[210, 174] ---> [[210, 175]]
[210, 176] ---> [[210, 177]]
[210, 178] ---> [[210, 179]]
[210, 180] ---> [[210, 181]]
[210, 182] ---> [[210, 183]]
[210, 184] ---> [[210, 185]]
[210, 186] ---> [[210, 187]]
[210, 188] ---> [[210, 189]]
[210, 190] ---> [[210, 191]]

*** starts with 211, last byte increments by 1, last byte range 129 141 2
[211, 129] ---> [[211, 130]]
[211, 131] ---> [[211, 132]]
[211, 133] ---> [[211, 134]]
[211, 135] ---> [[211, 136]]
[211, 137] ---> [[211, 138]]
[211, 139] ---> [[211, 140]]
[211, 141] ---> [[211, 142]]

*** starts with 211, last byte increments by 1, last byte range 144 180 2
[211, 144] ---> [[211, 145]]
[211, 146] ---> [[211, 147]]
[211, 148] ---> [[211, 149]]
[211, 150] ---> [[211, 151]]
[211, 152] ---> [[211, 153]]
[211, 154] ---> [[211, 155]]
[211, 156] ---> [[211, 157]]
[211, 158] ---> [[211, 159]]
[211, 160] ---> [[211, 161]]
[211, 162] ---> [[211, 163]]
[211, 164] ---> [[211, 165]]
[211, 166] ---> [[211, 167]]
[211, 168] ---> [[211, 169]]
[211, 170] ---> [[211, 171]]
[211, 172] ---> [[211, 173]]
[211, 174] ---> [[211, 175]]
[211, 176] ---> [[211, 177]]
[211, 178] ---> [[211, 179]]
[211, 180] ---> [[211, 181]]

*** starts with 212, last byte increments by 1, last byte range 128 142 2
[212, 128] ---> [[212, 129]]
[212, 130] ---> [[212, 131]]
[212, 132] ---> [[212, 133]]
[212, 134] ---> [[212, 135]]
[212, 136] ---> [[212, 137]]
[212, 138] ---> [[212, 139]]
[212, 140] ---> [[212, 141]]
[212, 142] ---> [[212, 143]]

*** starts with 225 184, last byte increments by 1, last byte range 128 190 2
[225, 184, 128] ---> [[225, 184, 129]]
[225, 184, 130] ---> [[225, 184, 131]]
[225, 184, 132] ---> [[225, 184, 133]]
[225, 184, 134] ---> [[225, 184, 135]]
[225, 184, 136] ---> [[225, 184, 137]]
[225, 184, 138] ---> [[225, 184, 139]]
[225, 184, 140] ---> [[225, 184, 141]]
[225, 184, 142] ---> [[225, 184, 143]]
[225, 184, 144] ---> [[225, 184, 145]]
[225, 184, 146] ---> [[225, 184, 147]]
[225, 184, 148] ---> [[225, 184, 149]]
[225, 184, 150] ---> [[225, 184, 151]]
[225, 184, 152] ---> [[225, 184, 153]]
[225, 184, 154] ---> [[225, 184, 155]]
[225, 184, 156] ---> [[225, 184, 157]]
[225, 184, 158] ---> [[225, 184, 159]]
[225, 184, 160] ---> [[225, 184, 161]]
[225, 184, 162] ---> [[225, 184, 163]]
[225, 184, 164] ---> [[225, 184, 165]]
[225, 184, 166] ---> [[225, 184, 167]]
[225, 184, 168] ---> [[225, 184, 169]]
[225, 184, 170] ---> [[225, 184, 171]]
[225, 184, 172] ---> [[225, 184, 173]]
[225, 184, 174] ---> [[225, 184, 175]]
[225, 184, 176] ---> [[225, 184, 177]]
[225, 184, 178] ---> [[225, 184, 179]]
[225, 184, 180] ---> [[225, 184, 181]]
[225, 184, 182] ---> [[225, 184, 183]]
[225, 184, 184] ---> [[225, 184, 185]]
[225, 184, 186] ---> [[225, 184, 187]]
[225, 184, 188] ---> [[225, 184, 189]]
[225, 184, 190] ---> [[225, 184, 191]]

*** starts with 225 185, last byte increments by 1, last byte range 128 190 2
[225, 185, 128] ---> [[225, 185, 129]]
[225, 185, 130] ---> [[225, 185, 131]]
[225, 185, 132] ---> [[225, 185, 133]]
[225, 185, 134] ---> [[225, 185, 135]]
[225, 185, 136] ---> [[225, 185, 137]]
[225, 185, 138] ---> [[225, 185, 139]]
[225, 185, 140] ---> [[225, 185, 141]]
[225, 185, 142] ---> [[225, 185, 143]]
[225, 185, 144] ---> [[225, 185, 145]]
[225, 185, 146] ---> [[225, 185, 147]]
[225, 185, 148] ---> [[225, 185, 149]]
[225, 185, 150] ---> [[225, 185, 151]]
[225, 185, 152] ---> [[225, 185, 153]]
[225, 185, 154] ---> [[225, 185, 155]]
[225, 185, 156] ---> [[225, 185, 157]]
[225, 185, 158] ---> [[225, 185, 159]]
[225, 185, 160] ---> [[225, 185, 161]]
[225, 185, 162] ---> [[225, 185, 163]]
[225, 185, 164] ---> [[225, 185, 165]]
[225, 185, 166] ---> [[225, 185, 167]]
[225, 185, 168] ---> [[225, 185, 169]]
[225, 185, 170] ---> [[225, 185, 171]]
[225, 185, 172] ---> [[225, 185, 173]]
[225, 185, 174] ---> [[225, 185, 175]]
[225, 185, 176] ---> [[225, 185, 177]]
[225, 185, 178] ---> [[225, 185, 179]]
[225, 185, 180] ---> [[225, 185, 181]]
[225, 185, 182] ---> [[225, 185, 183]]
[225, 185, 184] ---> [[225, 185, 185]]
[225, 185, 186] ---> [[225, 185, 187]]
[225, 185, 188] ---> [[225, 185, 189]]
[225, 185, 190] ---> [[225, 185, 191]]

*** starts with 225 186, last byte increments by 1, last byte range 128 190 2
[225, 186, 128] ---> [[225, 186, 129]]
[225, 186, 130] ---> [[225, 186, 131]]
[225, 186, 132] ---> [[225, 186, 133]]
[225, 186, 134] ---> [[225, 186, 135]]
[225, 186, 136] ---> [[225, 186, 137]]
[225, 186, 138] ---> [[225, 186, 139]]
[225, 186, 140] ---> [[225, 186, 141]]
[225, 186, 142] ---> [[225, 186, 143]]
[225, 186, 144] ---> [[225, 186, 145]]
[225, 186, 146] ---> [[225, 186, 147]]
[225, 186, 148] ---> [[225, 186, 149]]
[225, 186, 160] ---> [[225, 186, 161]]
[225, 186, 162] ---> [[225, 186, 163]]
[225, 186, 164] ---> [[225, 186, 165]]
[225, 186, 166] ---> [[225, 186, 167]]
[225, 186, 168] ---> [[225, 186, 169]]
[225, 186, 170] ---> [[225, 186, 171]]
[225, 186, 172] ---> [[225, 186, 173]]
[225, 186, 174] ---> [[225, 186, 175]]
[225, 186, 176] ---> [[225, 186, 177]]
[225, 186, 178] ---> [[225, 186, 179]]
[225, 186, 180] ---> [[225, 186, 181]]
[225, 186, 182] ---> [[225, 186, 183]]
[225, 186, 184] ---> [[225, 186, 185]]
[225, 186, 186] ---> [[225, 186, 187]]
[225, 186, 188] ---> [[225, 186, 189]]
[225, 186, 190] ---> [[225, 186, 191]]

*** starts with 225 184, last byte increments by 1, last byte range 128 184 2
[225, 187, 128] ---> [[225, 187, 129]]
[225, 187, 130] ---> [[225, 187, 131]]
[225, 187, 132] ---> [[225, 187, 133]]
[225, 187, 134] ---> [[225, 187, 135]]
[225, 187, 136] ---> [[225, 187, 137]]
[225, 187, 138] ---> [[225, 187, 139]]
[225, 187, 140] ---> [[225, 187, 141]]
[225, 187, 142] ---> [[225, 187, 143]]
[225, 187, 144] ---> [[225, 187, 145]]
[225, 187, 146] ---> [[225, 187, 147]]
[225, 187, 148] ---> [[225, 187, 149]]
[225, 187, 150] ---> [[225, 187, 151]]
[225, 187, 152] ---> [[225, 187, 153]]
[225, 187, 154] ---> [[225, 187, 155]]
[225, 187, 156] ---> [[225, 187, 157]]
[225, 187, 158] ---> [[225, 187, 159]]
[225, 187, 160] ---> [[225, 187, 161]]
[225, 187, 162] ---> [[225, 187, 163]]
[225, 187, 164] ---> [[225, 187, 165]]
[225, 187, 166] ---> [[225, 187, 167]]
[225, 187, 168] ---> [[225, 187, 169]]
[225, 187, 170] ---> [[225, 187, 171]]
[225, 187, 172] ---> [[225, 187, 173]]
[225, 187, 174] ---> [[225, 187, 175]]
[225, 187, 176] ---> [[225, 187, 177]]
[225, 187, 178] ---> [[225, 187, 179]]
[225, 187, 180] ---> [[225, 187, 181]]
[225, 187, 182] ---> [[225, 187, 183]]
[225, 187, 184] ---> [[225, 187, 185]]

*** starts with 199, last byte increments by 2, last byte range 132 138 3
[199, 132] ---> [[199, 134]]
[199, 135] ---> [[199, 137]]
[199, 138] ---> [[199, 140]]

*** starts with 226 133, last byte increments by 16, last byte range 160 175 1
[226, 133, 160] ---> [[226, 133, 176]]
[226, 133, 161] ---> [[226, 133, 177]]
[226, 133, 162] ---> [[226, 133, 178]]
[226, 133, 163] ---> [[226, 133, 179]]
[226, 133, 164] ---> [[226, 133, 180]]
[226, 133, 165] ---> [[226, 133, 181]]
[226, 133, 166] ---> [[226, 133, 182]]
[226, 133, 167] ---> [[226, 133, 183]]
[226, 133, 168] ---> [[226, 133, 184]]
[226, 133, 169] ---> [[226, 133, 185]]
[226, 133, 170] ---> [[226, 133, 186]]
[226, 133, 171] ---> [[226, 133, 187]]
[226, 133, 172] ---> [[226, 133, 188]]
[226, 133, 173] ---> [[226, 133, 189]]
[226, 133, 174] ---> [[226, 133, 190]]
[226, 133, 175] ---> [[226, 133, 191]]

*** starts with 226 147, last byte increments by 26, last byte range 128 143 1
[226, 147, 128] ---> [[226, 147, 154]]
[226, 147, 129] ---> [[226, 147, 155]]
[226, 147, 130] ---> [[226, 147, 156]]
[226, 147, 131] ---> [[226, 147, 157]]
[226, 147, 132] ---> [[226, 147, 158]]
[226, 147, 133] ---> [[226, 147, 159]]
[226, 147, 134] ---> [[226, 147, 160]]
[226, 147, 135] ---> [[226, 147, 161]]
[226, 147, 136] ---> [[226, 147, 162]]
[226, 147, 137] ---> [[226, 147, 163]]
[226, 147, 138] ---> [[226, 147, 164]]
[226, 147, 139] ---> [[226, 147, 165]]
[226, 147, 140] ---> [[226, 147, 166]]
[226, 147, 141] ---> [[226, 147, 167]]
[226, 147, 142] ---> [[226, 147, 168]]
[226, 147, 143] ---> [[226, 147, 169]]

*** starts with 65, last byte increments by 32, last byte range 65 90 1
[65] ---> [[97]]
[66] ---> [[98]]
[67] ---> [[99]]
[68] ---> [[100]]
[69] ---> [[101]]
[70] ---> [[102]]
[71] ---> [[103]]
[72] ---> [[104]]
[73] ---> [[105]]
[74] ---> [[106]]
[75] ---> [[107]]
[76] ---> [[108]]
[77] ---> [[109]]
[78] ---> [[110]]
[79] ---> [[111]]
[80] ---> [[112]]
[81] ---> [[113]]
[82] ---> [[114]]
[83] ---> [[115]]
[84] ---> [[116]]
[85] ---> [[117]]
[86] ---> [[118]]
[87] ---> [[119]]
[88] ---> [[120]]
[89] ---> [[121]]
[90] ---> [[122]]

*** starts with 195, last byte increments by 32, last byte range 128 158 1
[195, 128] ---> [[195, 160]]
[195, 129] ---> [[195, 161]]
[195, 130] ---> [[195, 162]]
[195, 131] ---> [[195, 163]]
[195, 132] ---> [[195, 164]]
[195, 133] ---> [[195, 165]]
[195, 134] ---> [[195, 166]]
[195, 135] ---> [[195, 167]]
[195, 136] ---> [[195, 168]]
[195, 137] ---> [[195, 169]]
[195, 138] ---> [[195, 170]]
[195, 139] ---> [[195, 171]]
[195, 140] ---> [[195, 172]]
[195, 141] ---> [[195, 173]]
[195, 142] ---> [[195, 174]]
[195, 143] ---> [[195, 175]]
[195, 144] ---> [[195, 176]]
[195, 145] ---> [[195, 177]]
[195, 146] ---> [[195, 178]]
[195, 147] ---> [[195, 179]]
[195, 148] ---> [[195, 180]]
[195, 149] ---> [[195, 181]]
[195, 150] ---> [[195, 182]]
[195, 152] ---> [[195, 184]]
[195, 153] ---> [[195, 185]]
[195, 154] ---> [[195, 186]]
[195, 155] ---> [[195, 187]]
[195, 156] ---> [[195, 188]]
[195, 157] ---> [[195, 189]]
[195, 158] ---> [[195, 190]]

*** starts with 206, last byte increments by 32, last byte range 145 159 1
[206, 145] ---> [[206, 177]]
[206, 146] ---> [[206, 178]]
[206, 147] ---> [[206, 179]]
[206, 148] ---> [[206, 180]]
[206, 149] ---> [[206, 181]]
[206, 150] ---> [[206, 182]]
[206, 151] ---> [[206, 183]]
[206, 152] ---> [[206, 184]]
[206, 153] ---> [[206, 185]]
[206, 154] ---> [[206, 186]]
[206, 155] ---> [[206, 187]]
[206, 156] ---> [[206, 188]]
[206, 157] ---> [[206, 189]]
[206, 158] ---> [[206, 190]]
[206, 159] ---> [[206, 191]]

*** starts with 208, last byte increments by 32, last byte range 144 159 1
[208, 144] ---> [[208, 176]]
[208, 145] ---> [[208, 177]]
[208, 146] ---> [[208, 178]]
[208, 147] ---> [[208, 179]]
[208, 148] ---> [[208, 180]]
[208, 149] ---> [[208, 181]]
[208, 150] ---> [[208, 182]]
[208, 151] ---> [[208, 183]]
[208, 152] ---> [[208, 184]]
[208, 153] ---> [[208, 185]]
[208, 154] ---> [[208, 186]]
[208, 155] ---> [[208, 187]]
[208, 156] ---> [[208, 188]]
[208, 157] ---> [[208, 189]]
[208, 158] ---> [[208, 190]]
[208, 159] ---> [[208, 191]]

*** starts with 206, last byte increments by 37, last byte range 136 138 1
[206, 136] ---> [[206, 173]]
[206, 137] ---> [[206, 174]]
[206, 138] ---> [[206, 175]]

*** starts with 240 144 144, last byte increments by 40, last byte range 128 151 1
[240, 144, 144, 128] ---> [[240, 144, 144, 168]]
[240, 144, 144, 129] ---> [[240, 144, 144, 169]]
[240, 144, 144, 130] ---> [[240, 144, 144, 170]]
[240, 144, 144, 131] ---> [[240, 144, 144, 171]]
[240, 144, 144, 132] ---> [[240, 144, 144, 172]]
[240, 144, 144, 133] ---> [[240, 144, 144, 173]]
[240, 144, 144, 134] ---> [[240, 144, 144, 174]]
[240, 144, 144, 135] ---> [[240, 144, 144, 175]]
[240, 144, 144, 136] ---> [[240, 144, 144, 176]]
[240, 144, 144, 137] ---> [[240, 144, 144, 177]]
[240, 144, 144, 138] ---> [[240, 144, 144, 178]]
[240, 144, 144, 139] ---> [[240, 144, 144, 179]]
[240, 144, 144, 140] ---> [[240, 144, 144, 180]]
[240, 144, 144, 141] ---> [[240, 144, 144, 181]]
[240, 144, 144, 142] ---> [[240, 144, 144, 182]]
[240, 144, 144, 143] ---> [[240, 144, 144, 183]]
[240, 144, 144, 144] ---> [[240, 144, 144, 184]]
[240, 144, 144, 145] ---> [[240, 144, 144, 185]]
[240, 144, 144, 146] ---> [[240, 144, 144, 186]]
[240, 144, 144, 147] ---> [[240, 144, 144, 187]]
[240, 144, 144, 148] ---> [[240, 144, 144, 188]]
[240, 144, 144, 149] ---> [[240, 144, 144, 189]]
[240, 144, 144, 150] ---> [[240, 144, 144, 190]]
[240, 144, 144, 151] ---> [[240, 144, 144, 191]]

*** starts with 213, last byte increments by 48, last byte range 128 143 1
[213, 128] ---> [[213, 176]]
[213, 129] ---> [[213, 177]]
[213, 130] ---> [[213, 178]]
[213, 131] ---> [[213, 179]]
[213, 132] ---> [[213, 180]]
[213, 133] ---> [[213, 181]]
[213, 134] ---> [[213, 182]]
[213, 135] ---> [[213, 183]]
[213, 136] ---> [[213, 184]]
[213, 137] ---> [[213, 185]]
[213, 138] ---> [[213, 186]]
[213, 139] ---> [[213, 187]]
[213, 140] ---> [[213, 188]]
[213, 141] ---> [[213, 189]]
[213, 142] ---> [[213, 190]]
[213, 143] ---> [[213, 191]]

*** starts with 225 188, last byte decrements by 8, last byte range 136 143 1
[225, 188, 136] ---> [[225, 188, 128]]
[225, 188, 137] ---> [[225, 188, 129]]
[225, 188, 138] ---> [[225, 188, 130]]
[225, 188, 139] ---> [[225, 188, 131]]
[225, 188, 140] ---> [[225, 188, 132]]
[225, 188, 141] ---> [[225, 188, 133]]
[225, 188, 142] ---> [[225, 188, 134]]
[225, 188, 143] ---> [[225, 188, 135]]

*** starts with 225 188, last byte decrements by 8, last byte range 152 157 1
[225, 188, 152] ---> [[225, 188, 144]]
[225, 188, 153] ---> [[225, 188, 145]]
[225, 188, 154] ---> [[225, 188, 146]]
[225, 188, 155] ---> [[225, 188, 147]]
[225, 188, 156] ---> [[225, 188, 148]]
[225, 188, 157] ---> [[225, 188, 149]]

*** starts with 225 188, last byte decrements by 8, last byte range 168 175 1
[225, 188, 168] ---> [[225, 188, 160]]
[225, 188, 169] ---> [[225, 188, 161]]
[225, 188, 170] ---> [[225, 188, 162]]
[225, 188, 171] ---> [[225, 188, 163]]
[225, 188, 172] ---> [[225, 188, 164]]
[225, 188, 173] ---> [[225, 188, 165]]
[225, 188, 174] ---> [[225, 188, 166]]
[225, 188, 175] ---> [[225, 188, 167]]

*** starts with 225 188, last byte decrements by 8, last byte range 184 191 1
[225, 188, 184] ---> [[225, 188, 176]]
[225, 188, 185] ---> [[225, 188, 177]]
[225, 188, 186] ---> [[225, 188, 178]]
[225, 188, 187] ---> [[225, 188, 179]]
[225, 188, 188] ---> [[225, 188, 180]]
[225, 188, 189] ---> [[225, 188, 181]]
[225, 188, 190] ---> [[225, 188, 182]]
[225, 188, 191] ---> [[225, 188, 183]]

*** starts with 225 189, last byte decrements by 8, last byte range 136 141 1
[225, 189, 136] ---> [[225, 189, 128]]
[225, 189, 137] ---> [[225, 189, 129]]
[225, 189, 138] ---> [[225, 189, 130]]
[225, 189, 139] ---> [[225, 189, 131]]
[225, 189, 140] ---> [[225, 189, 132]]
[225, 189, 141] ---> [[225, 189, 133]]

*** starts with 225 189, last byte decrements by 8, last byte range 153 159 2
[225, 189, 153] ---> [[225, 189, 145]]
[225, 189, 155] ---> [[225, 189, 147]]
[225, 189, 157] ---> [[225, 189, 149]]
[225, 189, 159] ---> [[225, 189, 151]]

*** starts with 225 189, last byte decrements by 8, last byte range 168 175 1
[225, 189, 168] ---> [[225, 189, 160]]
[225, 189, 169] ---> [[225, 189, 161]]
[225, 189, 170] ---> [[225, 189, 162]]
[225, 189, 171] ---> [[225, 189, 163]]
[225, 189, 172] ---> [[225, 189, 164]]
[225, 189, 173] ---> [[225, 189, 165]]
[225, 189, 174] ---> [[225, 189, 166]]
[225, 189, 175] ---> [[225, 189, 167]]

*** starts with 225 190, last byte decrements by 8, last byte range 184 185 1
[225, 190, 184] ---> [[225, 190, 176]]
[225, 190, 185] ---> [[225, 190, 177]]

*** starts with 225 191, last byte decrements by 8, last byte range 152 153 1
[225, 191, 152] ---> [[225, 191, 144]]
[225, 191, 153] ---> [[225, 191, 145]]

*** starts with 225 191, last byte decrements by 8, last byte range 168 169 1
[225, 191, 168] ---> [[225, 191, 160]]
[225, 191, 169] ---> [[225, 191, 161]]

*** starts with 226 132, [139 - 141], maps to 104
[226, 132, 139] ---> [[104]]
[226, 132, 140] ---> [[104]]
[226, 132, 141] ---> [[104]]

*** starts with 226 132, [144 - 145], maps to 105
[226, 132, 144] ---> [[105]]
[226, 132, 145] ---> [[105]]

*** starts with 226 132, [155 - 157], maps to 114
[226, 132, 155] ---> [[114]]
[226, 132, 156] ---> [[114]]
[226, 132, 157] ---> [[114]]

*** starts with 226 132, [172 - 173], maps to (last byte - 74)
[226, 132, 172] ---> [[98]]
[226, 132, 173] ---> [[99]]

*** starts with 226 132, [176 - 176], maps to (last byte - 75)
[226, 132, 176] ---> [[101]]
[226, 132, 177] ---> [[102]]

*** starts with 240 157 144 [128 - 153], maps to (last byte - 31)
[240, 157, 144, 128] ---> [[97]]
[240, 157, 144, 129] ---> [[98]]
[240, 157, 144, 130] ---> [[99]]
[240, 157, 144, 131] ---> [[100]]
[240, 157, 144, 132] ---> [[101]]
[240, 157, 144, 133] ---> [[102]]
[240, 157, 144, 134] ---> [[103]]
[240, 157, 144, 135] ---> [[104]]
[240, 157, 144, 136] ---> [[105]]
[240, 157, 144, 137] ---> [[106]]
[240, 157, 144, 138] ---> [[107]]
[240, 157, 144, 139] ---> [[108]]
[240, 157, 144, 140] ---> [[109]]
[240, 157, 144, 141] ---> [[110]]
[240, 157, 144, 142] ---> [[111]]
[240, 157, 144, 143] ---> [[112]]
[240, 157, 144, 144] ---> [[113]]
[240, 157, 144, 145] ---> [[114]]
[240, 157, 144, 146] ---> [[115]]
[240, 157, 144, 147] ---> [[116]]
[240, 157, 144, 148] ---> [[117]]
[240, 157, 144, 149] ---> [[118]]
[240, 157, 144, 150] ---> [[119]]
[240, 157, 144, 151] ---> [[120]]
[240, 157, 144, 152] ---> [[121]]
[240, 157, 144, 153] ---> [[122]]

*** starts with 240 157 144 [180 - 191], maps to (last byte - 83)
[240, 157, 144, 180] ---> [[97]]
[240, 157, 144, 181] ---> [[98]]
[240, 157, 144, 182] ---> [[99]]
[240, 157, 144, 183] ---> [[100]]
[240, 157, 144, 184] ---> [[101]]
[240, 157, 144, 185] ---> [[102]]
[240, 157, 144, 186] ---> [[103]]
[240, 157, 144, 187] ---> [[104]]
[240, 157, 144, 188] ---> [[105]]
[240, 157, 144, 189] ---> [[106]]
[240, 157, 144, 190] ---> [[107]]
[240, 157, 144, 191] ---> [[108]]

*** starts with 240 157 145 [128 - 141], maps to (last byte - 19)
[240, 157, 145, 128] ---> [[109]]
[240, 157, 145, 129] ---> [[110]]
[240, 157, 145, 130] ---> [[111]]
[240, 157, 145, 131] ---> [[112]]
[240, 157, 145, 132] ---> [[113]]
[240, 157, 145, 133] ---> [[114]]
[240, 157, 145, 134] ---> [[115]]
[240, 157, 145, 135] ---> [[116]]
[240, 157, 145, 136] ---> [[117]]
[240, 157, 145, 137] ---> [[118]]
[240, 157, 145, 138] ---> [[119]]
[240, 157, 145, 139] ---> [[120]]
[240, 157, 145, 140] ---> [[121]]
[240, 157, 145, 141] ---> [[122]]

*** starts with 240 157 145 [168 - 191], maps to (last byte - 71)
[240, 157, 145, 168] ---> [[97]]
[240, 157, 145, 169] ---> [[98]]
[240, 157, 145, 170] ---> [[99]]
[240, 157, 145, 171] ---> [[100]]
[240, 157, 145, 172] ---> [[101]]
[240, 157, 145, 173] ---> [[102]]
[240, 157, 145, 174] ---> [[103]]
[240, 157, 145, 175] ---> [[104]]
[240, 157, 145, 176] ---> [[105]]
[240, 157, 145, 177] ---> [[106]]
[240, 157, 145, 178] ---> [[107]]
[240, 157, 145, 179] ---> [[108]]
[240, 157, 145, 180] ---> [[109]]
[240, 157, 145, 181] ---> [[110]]
[240, 157, 145, 182] ---> [[111]]
[240, 157, 145, 183] ---> [[112]]
[240, 157, 145, 184] ---> [[113]]
[240, 157, 145, 185] ---> [[114]]
[240, 157, 145, 186] ---> [[115]]
[240, 157, 145, 187] ---> [[116]]
[240, 157, 145, 188] ---> [[117]]
[240, 157, 145, 189] ---> [[118]]
[240, 157, 145, 190] ---> [[119]]
[240, 157, 145, 191] ---> [[120]]

*** starts with 240 157 146 [128 - 129], maps to (last byte - 7)
[240, 157, 146, 128] ---> [[121]]
[240, 157, 146, 129] ---> [[122]]

*** starts with 240 157 146 [156 - 181], maps to (last byte - 59)
[240, 157, 146, 156] ---> [[97]]
[240, 157, 146, 158] ---> [[99]]
[240, 157, 146, 159] ---> [[100]]
[240, 157, 146, 162] ---> [[103]]
[240, 157, 146, 165] ---> [[106]]
[240, 157, 146, 166] ---> [[107]]
[240, 157, 146, 169] ---> [[110]]
[240, 157, 146, 170] ---> [[111]]
[240, 157, 146, 171] ---> [[112]]
[240, 157, 146, 172] ---> [[113]]
[240, 157, 146, 174] ---> [[115]]
[240, 157, 146, 175] ---> [[116]]
[240, 157, 146, 176] ---> [[117]]
[240, 157, 146, 177] ---> [[118]]
[240, 157, 146, 178] ---> [[119]]
[240, 157, 146, 179] ---> [[120]]
[240, 157, 146, 180] ---> [[121]]
[240, 157, 146, 181] ---> [[122]]

*** starts with 240 157 147 [144 - 169], maps to (last byte - 47)
[240, 157, 147, 144] ---> [[97]]
[240, 157, 147, 145] ---> [[98]]
[240, 157, 147, 146] ---> [[99]]
[240, 157, 147, 147] ---> [[100]]
[240, 157, 147, 148] ---> [[101]]
[240, 157, 147, 149] ---> [[102]]
[240, 157, 147, 150] ---> [[103]]
[240, 157, 147, 151] ---> [[104]]
[240, 157, 147, 152] ---> [[105]]
[240, 157, 147, 153] ---> [[106]]
[240, 157, 147, 154] ---> [[107]]
[240, 157, 147, 155] ---> [[108]]
[240, 157, 147, 156] ---> [[109]]
[240, 157, 147, 157] ---> [[110]]
[240, 157, 147, 158] ---> [[111]]
[240, 157, 147, 159] ---> [[112]]
[240, 157, 147, 160] ---> [[113]]
[240, 157, 147, 161] ---> [[114]]
[240, 157, 147, 162] ---> [[115]]
[240, 157, 147, 163] ---> [[116]]
[240, 157, 147, 164] ---> [[117]]
[240, 157, 147, 165] ---> [[118]]
[240, 157, 147, 166] ---> [[119]]
[240, 157, 147, 167] ---> [[120]]
[240, 157, 147, 168] ---> [[121]]
[240, 157, 147, 169] ---> [[122]]

*** starts with 240 157 148 [132 - 156], maps to (last byte - 35)
[240, 157, 148, 132] ---> [[97]]
[240, 157, 148, 133] ---> [[98]]
[240, 157, 148, 135] ---> [[100]]
[240, 157, 148, 136] ---> [[101]]
[240, 157, 148, 137] ---> [[102]]
[240, 157, 148, 138] ---> [[103]]
[240, 157, 148, 141] ---> [[106]]
[240, 157, 148, 142] ---> [[107]]
[240, 157, 148, 143] ---> [[108]]
[240, 157, 148, 144] ---> [[109]]
[240, 157, 148, 145] ---> [[110]]
[240, 157, 148, 146] ---> [[111]]
[240, 157, 148, 147] ---> [[112]]
[240, 157, 148, 148] ---> [[113]]
[240, 157, 148, 150] ---> [[115]]
[240, 157, 148, 151] ---> [[116]]
[240, 157, 148, 152] ---> [[117]]
[240, 157, 148, 153] ---> [[118]]
[240, 157, 148, 154] ---> [[119]]
[240, 157, 148, 155] ---> [[120]]
[240, 157, 148, 156] ---> [[121]]

*** starts with 240 157 148 [184 - 190], maps to (last byte - 87)
[240, 157, 148, 184] ---> [[97]]
[240, 157, 148, 185] ---> [[98]]
[240, 157, 148, 187] ---> [[100]]
[240, 157, 148, 188] ---> [[101]]
[240, 157, 148, 189] ---> [[102]]
[240, 157, 148, 190] ---> [[103]]

*** starts with 240 157 149 [128 - 144], maps to (last byte - 23)
[240, 157, 149, 128] ---> [[105]]
[240, 157, 149, 129] ---> [[106]]
[240, 157, 149, 130] ---> [[107]]
[240, 157, 149, 131] ---> [[108]]
[240, 157, 149, 132] ---> [[109]]
[240, 157, 149, 134] ---> [[111]]
[240, 157, 149, 138] ---> [[115]]
[240, 157, 149, 139] ---> [[116]]
[240, 157, 149, 140] ---> [[117]]
[240, 157, 149, 141] ---> [[118]]
[240, 157, 149, 142] ---> [[119]]
[240, 157, 149, 143] ---> [[120]]
[240, 157, 149, 144] ---> [[121]]

*** starts with 240 157 149 [172 - 191], maps to (last byte - 75)
[240, 157, 149, 172] ---> [[97]]
[240, 157, 149, 173] ---> [[98]]
[240, 157, 149, 174] ---> [[99]]
[240, 157, 149, 175] ---> [[100]]
[240, 157, 149, 176] ---> [[101]]
[240, 157, 149, 177] ---> [[102]]
[240, 157, 149, 178] ---> [[103]]
[240, 157, 149, 179] ---> [[104]]
[240, 157, 149, 180] ---> [[105]]
[240, 157, 149, 181] ---> [[106]]
[240, 157, 149, 182] ---> [[107]]
[240, 157, 149, 183] ---> [[108]]
[240, 157, 149, 184] ---> [[109]]
[240, 157, 149, 185] ---> [[110]]
[240, 157, 149, 186] ---> [[111]]
[240, 157, 149, 187] ---> [[112]]
[240, 157, 149, 188] ---> [[113]]
[240, 157, 149, 189] ---> [[114]]
[240, 157, 149, 190] ---> [[115]]
[240, 157, 149, 191] ---> [[116]]

*** starts with 240 157 150 [128 - 133], maps to (last byte - 11)
[240, 157, 150, 128] ---> [[117]]
[240, 157, 150, 129] ---> [[118]]
[240, 157, 150, 130] ---> [[119]]
[240, 157, 150, 131] ---> [[120]]
[240, 157, 150, 132] ---> [[121]]
[240, 157, 150, 133] ---> [[122]]

*** starts with 240 157 150 [160 - 185], maps to (last byte - 63)
[240, 157, 150, 160] ---> [[97]]
[240, 157, 150, 161] ---> [[98]]
[240, 157, 150, 162] ---> [[99]]
[240, 157, 150, 163] ---> [[100]]
[240, 157, 150, 164] ---> [[101]]
[240, 157, 150, 165] ---> [[102]]
[240, 157, 150, 166] ---> [[103]]
[240, 157, 150, 167] ---> [[104]]
[240, 157, 150, 168] ---> [[105]]
[240, 157, 150, 169] ---> [[106]]
[240, 157, 150, 170] ---> [[107]]
[240, 157, 150, 171] ---> [[108]]
[240, 157, 150, 172] ---> [[109]]
[240, 157, 150, 173] ---> [[110]]
[240, 157, 150, 174] ---> [[111]]
[240, 157, 150, 175] ---> [[112]]
[240, 157, 150, 176] ---> [[113]]
[240, 157, 150, 177] ---> [[114]]
[240, 157, 150, 178] ---> [[115]]
[240, 157, 150, 179] ---> [[116]]
[240, 157, 150, 180] ---> [[117]]
[240, 157, 150, 181] ---> [[118]]
[240, 157, 150, 182] ---> [[119]]
[240, 157, 150, 183] ---> [[120]]
[240, 157, 150, 184] ---> [[121]]
[240, 157, 150, 185] ---> [[122]]

*** starts with 240 157 151 [148 - 173], maps to (last byte - 51)
[240, 157, 151, 148] ---> [[97]]
[240, 157, 151, 149] ---> [[98]]
[240, 157, 151, 150] ---> [[99]]
[240, 157, 151, 151] ---> [[100]]
[240, 157, 151, 152] ---> [[101]]
[240, 157, 151, 153] ---> [[102]]
[240, 157, 151, 154] ---> [[103]]
[240, 157, 151, 155] ---> [[104]]
[240, 157, 151, 156] ---> [[105]]
[240, 157, 151, 157] ---> [[106]]
[240, 157, 151, 158] ---> [[107]]
[240, 157, 151, 159] ---> [[108]]
[240, 157, 151, 160] ---> [[109]]
[240, 157, 151, 161] ---> [[110]]
[240, 157, 151, 162] ---> [[111]]
[240, 157, 151, 163] ---> [[112]]
[240, 157, 151, 164] ---> [[113]]
[240, 157, 151, 165] ---> [[114]]
[240, 157, 151, 166] ---> [[115]]
[240, 157, 151, 167] ---> [[116]]
[240, 157, 151, 168] ---> [[117]]
[240, 157, 151, 169] ---> [[118]]
[240, 157, 151, 170] ---> [[119]]
[240, 157, 151, 171] ---> [[120]]
[240, 157, 151, 172] ---> [[121]]
[240, 157, 151, 173] ---> [[122]]

*** starts with 240 157 152 [136 - 161], maps to (last byte - 39)
[240, 157, 152, 136] ---> [[97]]
[240, 157, 152, 137] ---> [[98]]
[240, 157, 152, 138] ---> [[99]]
[240, 157, 152, 139] ---> [[100]]
[240, 157, 152, 140] ---> [[101]]
[240, 157, 152, 141] ---> [[102]]
[240, 157, 152, 142] ---> [[103]]
[240, 157, 152, 143] ---> [[104]]
[240, 157, 152, 144] ---> [[105]]
[240, 157, 152, 145] ---> [[106]]
[240, 157, 152, 146] ---> [[107]]
[240, 157, 152, 147] ---> [[108]]
[240, 157, 152, 148] ---> [[109]]
[240, 157, 152, 149] ---> [[110]]
[240, 157, 152, 150] ---> [[111]]
[240, 157, 152, 151] ---> [[112]]
[240, 157, 152, 152] ---> [[113]]
[240, 157, 152, 153] ---> [[114]]
[240, 157, 152, 154] ---> [[115]]
[240, 157, 152, 155] ---> [[116]]
[240, 157, 152, 156] ---> [[117]]
[240, 157, 152, 157] ---> [[118]]
[240, 157, 152, 158] ---> [[119]]
[240, 157, 152, 159] ---> [[120]]
[240, 157, 152, 160] ---> [[121]]
[240, 157, 152, 161] ---> [[122]]

*** starts with 240 157 152 [188 - 191], maps to (last byte - 91)
[240, 157, 152, 188] ---> [[97]]
[240, 157, 152, 189] ---> [[98]]
[240, 157, 152, 190] ---> [[99]]
[240, 157, 152, 191] ---> [[100]]

*** starts with 240 157 153 [128 - 149], maps to (last byte - 27)
[240, 157, 153, 128] ---> [[101]]
[240, 157, 153, 129] ---> [[102]]
[240, 157, 153, 130] ---> [[103]]
[240, 157, 153, 131] ---> [[104]]
[240, 157, 153, 132] ---> [[105]]
[240, 157, 153, 133] ---> [[106]]
[240, 157, 153, 134] ---> [[107]]
[240, 157, 153, 135] ---> [[108]]
[240, 157, 153, 136] ---> [[109]]
[240, 157, 153, 137] ---> [[110]]
[240, 157, 153, 138] ---> [[111]]
[240, 157, 153, 139] ---> [[112]]
[240, 157, 153, 140] ---> [[113]]
[240, 157, 153, 141] ---> [[114]]
[240, 157, 153, 142] ---> [[115]]
[240, 157, 153, 143] ---> [[116]]
[240, 157, 153, 144] ---> [[117]]
[240, 157, 153, 145] ---> [[118]]
[240, 157, 153, 146] ---> [[119]]
[240, 157, 153, 147] ---> [[120]]
[240, 157, 153, 148] ---> [[121]]
[240, 157, 153, 149] ---> [[122]]

*** starts with 240 157 153 [176 - 191], maps to (last byte - 79)
[240, 157, 153, 176] ---> [[97]]
[240, 157, 153, 177] ---> [[98]]
[240, 157, 153, 178] ---> [[99]]
[240, 157, 153, 179] ---> [[100]]
[240, 157, 153, 180] ---> [[101]]
[240, 157, 153, 181] ---> [[102]]
[240, 157, 153, 182] ---> [[103]]
[240, 157, 153, 183] ---> [[104]]
[240, 157, 153, 184] ---> [[105]]
[240, 157, 153, 185] ---> [[106]]
[240, 157, 153, 186] ---> [[107]]
[240, 157, 153, 187] ---> [[108]]
[240, 157, 153, 188] ---> [[109]]
[240, 157, 153, 189] ---> [[110]]
[240, 157, 153, 190] ---> [[111]]
[240, 157, 153, 191] ---> [[112]]

*** starts with 240 157 154 [128 - 137], maps to (last byte - 15)
[240, 157, 154, 128] ---> [[113]]
[240, 157, 154, 129] ---> [[114]]
[240, 157, 154, 130] ---> [[115]]
[240, 157, 154, 131] ---> [[116]]
[240, 157, 154, 132] ---> [[117]]
[240, 157, 154, 133] ---> [[118]]
[240, 157, 154, 134] ---> [[119]]
[240, 157, 154, 135] ---> [[120]]
[240, 157, 154, 136] ---> [[121]]
[240, 157, 154, 137] ---> [[122]]

*** starts with 240 157 154 [168 - 182], maps to 206 (last byte + 9)
[240, 157, 154, 168] ---> [[206, 177]]
[240, 157, 154, 169] ---> [[206, 178]]
[240, 157, 154, 170] ---> [[206, 179]]
[240, 157, 154, 171] ---> [[206, 180]]
[240, 157, 154, 172] ---> [[206, 181]]
[240, 157, 154, 173] ---> [[206, 182]]
[240, 157, 154, 174] ---> [[206, 183]]
[240, 157, 154, 175] ---> [[206, 184]]
[240, 157, 154, 176] ---> [[206, 185]]
[240, 157, 154, 177] ---> [[206, 186]]
[240, 157, 154, 178] ---> [[206, 187]]
[240, 157, 154, 179] ---> [[206, 188]]
[240, 157, 154, 180] ---> [[206, 189]]
[240, 157, 154, 181] ---> [[206, 190]]
[240, 157, 154, 182] ---> [[206, 191]]

*** starts with 240 157 154 [183 - 184], maps to 207 (last byte - 55)
[240, 157, 154, 183] ---> [[207, 128]]
[240, 157, 154, 184] ---> [[207, 129]]



*** starts with 240 157 154 [186 - 191], maps to 207 (last byte - 55)
[240, 157, 154, 186] ---> [[207, 131]]
[240, 157, 154, 187] ---> [[207, 132]]
[240, 157, 154, 188] ---> [[207, 133]]
[240, 157, 154, 189] ---> [[207, 134]]
[240, 157, 154, 190] ---> [[207, 135]]
[240, 157, 154, 191] ---> [[207, 136]]

*** starts with 240 157 155 [162 - 176], maps to 207 (last byte + 15)
[240, 157, 155, 162] ---> [[206, 177]]
[240, 157, 155, 163] ---> [[206, 178]]
[240, 157, 155, 164] ---> [[206, 179]]
[240, 157, 155, 165] ---> [[206, 180]]
[240, 157, 155, 166] ---> [[206, 181]]
[240, 157, 155, 167] ---> [[206, 182]]
[240, 157, 155, 168] ---> [[206, 183]]
[240, 157, 155, 169] ---> [[206, 184]]
[240, 157, 155, 170] ---> [[206, 185]]
[240, 157, 155, 171] ---> [[206, 186]]
[240, 157, 155, 172] ---> [[206, 187]]
[240, 157, 155, 173] ---> [[206, 188]]
[240, 157, 155, 174] ---> [[206, 189]]
[240, 157, 155, 175] ---> [[206, 190]]
[240, 157, 155, 176] ---> [[206, 191]]

*** starts with 240 157 155 [177 - 178], maps to 207 (last byte - 49)
[240, 157, 155, 177] ---> [[207, 128]]
[240, 157, 155, 178] ---> [[207, 129]]

*** starts with 240 157 155 [180 - 186], maps to 207 (last byte - 49)
[240, 157, 155, 180] ---> [[207, 131]]
[240, 157, 155, 181] ---> [[207, 132]]
[240, 157, 155, 182] ---> [[207, 133]]
[240, 157, 155, 183] ---> [[207, 134]]
[240, 157, 155, 184] ---> [[207, 135]]
[240, 157, 155, 185] ---> [[207, 136]]
[240, 157, 155, 186] ---> [[207, 137]]

*** starts with 240 157 156 [156 - 170], maps to 207 (last byte + 21)
[240, 157, 156, 156] ---> [[206, 177]]
[240, 157, 156, 157] ---> [[206, 178]]
[240, 157, 156, 158] ---> [[206, 179]]
[240, 157, 156, 159] ---> [[206, 180]]
[240, 157, 156, 160] ---> [[206, 181]]
[240, 157, 156, 161] ---> [[206, 182]]
[240, 157, 156, 162] ---> [[206, 183]]
[240, 157, 156, 163] ---> [[206, 184]]
[240, 157, 156, 164] ---> [[206, 185]]
[240, 157, 156, 165] ---> [[206, 186]]
[240, 157, 156, 166] ---> [[206, 187]]
[240, 157, 156, 167] ---> [[206, 188]]
[240, 157, 156, 168] ---> [[206, 189]]
[240, 157, 156, 169] ---> [[206, 190]]
[240, 157, 156, 170] ---> [[206, 191]]

*** starts with 240 157 156 [171 - 172], maps to 207 (last byte - 43)
[240, 157, 156, 171] ---> [[207, 128]]
[240, 157, 156, 172] ---> [[207, 129]]

*** starts with 240 157 156 [174 - 180], maps to 207 (last byte - 43)
[240, 157, 156, 174] ---> [[207, 131]]
[240, 157, 156, 175] ---> [[207, 132]]
[240, 157, 156, 176] ---> [[207, 133]]
[240, 157, 156, 177] ---> [[207, 134]]
[240, 157, 156, 178] ---> [[207, 135]]
[240, 157, 156, 179] ---> [[207, 136]]
[240, 157, 156, 180] ---> [[207, 137]]

*** starts with 240 157 157 [150 - 164], maps to 206 (last byte + 27)
[240, 157, 157, 150] ---> [[206, 177]]
[240, 157, 157, 151] ---> [[206, 178]]
[240, 157, 157, 152] ---> [[206, 179]]
[240, 157, 157, 153] ---> [[206, 180]]
[240, 157, 157, 154] ---> [[206, 181]]
[240, 157, 157, 155] ---> [[206, 182]]
[240, 157, 157, 156] ---> [[206, 183]]
[240, 157, 157, 157] ---> [[206, 184]]
[240, 157, 157, 158] ---> [[206, 185]]
[240, 157, 157, 159] ---> [[206, 186]]
[240, 157, 157, 160] ---> [[206, 187]]
[240, 157, 157, 161] ---> [[206, 188]]
[240, 157, 157, 162] ---> [[206, 189]]
[240, 157, 157, 163] ---> [[206, 190]]
[240, 157, 157, 164] ---> [[206, 191]]

*** starts with 240 157 157 [165 - 166], maps to 207 (last byte - 37)
[240, 157, 157, 165] ---> [[207, 128]]
[240, 157, 157, 166] ---> [[207, 129]]

*** starts with 240 157 157 [168 - 174], maps to 207 (last byte - 37)
[240, 157, 157, 168] ---> [[207, 131]]
[240, 157, 157, 169] ---> [[207, 132]]
[240, 157, 157, 170] ---> [[207, 133]]
[240, 157, 157, 171] ---> [[207, 134]]
[240, 157, 157, 172] ---> [[207, 135]]
[240, 157, 157, 173] ---> [[207, 136]]
[240, 157, 157, 174] ---> [[207, 137]]

*** starts with 240 157 158 [144 - 158], maps to 206 (last byte + 33)
[240, 157, 158, 144] ---> [[206, 177]]
[240, 157, 158, 145] ---> [[206, 178]]
[240, 157, 158, 146] ---> [[206, 179]]
[240, 157, 158, 147] ---> [[206, 180]]
[240, 157, 158, 148] ---> [[206, 181]]
[240, 157, 158, 149] ---> [[206, 182]]
[240, 157, 158, 150] ---> [[206, 183]]
[240, 157, 158, 151] ---> [[206, 184]]
[240, 157, 158, 152] ---> [[206, 185]]
[240, 157, 158, 153] ---> [[206, 186]]
[240, 157, 158, 154] ---> [[206, 187]]
[240, 157, 158, 155] ---> [[206, 188]]
[240, 157, 158, 156] ---> [[206, 189]]
[240, 157, 158, 157] ---> [[206, 190]]
[240, 157, 158, 158] ---> [[206, 191]]

*** starts with 240 157 158 [159 - 160], maps to 207 (last byte - 31)
[240, 157, 158, 159] ---> [[207, 128]]
[240, 157, 158, 160] ---> [[207, 129]]

*** starts with 240 157 158 [162 - 168], maps to 207 (last byte - 31)
[240, 157, 158, 162] ---> [[207, 131]]
[240, 157, 158, 163] ---> [[207, 132]]
[240, 157, 158, 164] ---> [[207, 133]]
[240, 157, 158, 165] ---> [[207, 134]]
[240, 157, 158, 166] ---> [[207, 135]]
[240, 157, 158, 167] ---> [[207, 136]]
[240, 157, 158, 168] ---> [[207, 137]]

*** starts with 225 190 [128 - 135], outputs two utf8 chars : (225 188 lastbyte) (206 185)
[225, 190, 128] ---> [[225, 188, 128], [206, 185]]
[225, 190, 129] ---> [[225, 188, 129], [206, 185]]
[225, 190, 130] ---> [[225, 188, 130], [206, 185]]
[225, 190, 131] ---> [[225, 188, 131], [206, 185]]
[225, 190, 132] ---> [[225, 188, 132], [206, 185]]
[225, 190, 133] ---> [[225, 188, 133], [206, 185]]
[225, 190, 134] ---> [[225, 188, 134], [206, 185]]
[225, 190, 135] ---> [[225, 188, 135], [206, 185]]

*** starts with 225 190 [136 - 143], outputs two utf8 chars : (225 188 "lastbyte - 8") (206 185)
[225, 190, 136] ---> [[225, 188, 128], [206, 185]]
[225, 190, 137] ---> [[225, 188, 129], [206, 185]]
[225, 190, 138] ---> [[225, 188, 130], [206, 185]]
[225, 190, 139] ---> [[225, 188, 131], [206, 185]]
[225, 190, 140] ---> [[225, 188, 132], [206, 185]]
[225, 190, 141] ---> [[225, 188, 133], [206, 185]]
[225, 190, 142] ---> [[225, 188, 134], [206, 185]]
[225, 190, 143] ---> [[225, 188, 135], [206, 185]]

*** starts with 225 190 [144 - 151], outputs two utf8 chars : (225 188 "lastbyte + 16") (206 185)
[225, 190, 144] ---> [[225, 188, 160], [206, 185]]
[225, 190, 145] ---> [[225, 188, 161], [206, 185]]
[225, 190, 146] ---> [[225, 188, 162], [206, 185]]
[225, 190, 147] ---> [[225, 188, 163], [206, 185]]
[225, 190, 148] ---> [[225, 188, 164], [206, 185]]
[225, 190, 149] ---> [[225, 188, 165], [206, 185]]
[225, 190, 150] ---> [[225, 188, 166], [206, 185]]
[225, 190, 151] ---> [[225, 188, 167], [206, 185]]

*** starts with 225 190 [152 - 158], outputs two utf8 chars : (225 188 "lastbyte + 8") (206 185)
[225, 190, 152] ---> [[225, 188, 160], [206, 185]]
[225, 190, 153] ---> [[225, 188, 161], [206, 185]]
[225, 190, 154] ---> [[225, 188, 162], [206, 185]]
[225, 190, 155] ---> [[225, 188, 163], [206, 185]]
[225, 190, 156] ---> [[225, 188, 164], [206, 185]]
[225, 190, 157] ---> [[225, 188, 165], [206, 185]]
[225, 190, 158] ---> [[225, 188, 166], [206, 185]]

*** starts with 225 190 [160 - 167], outputs two utf8 chars : (225 189 lastbyte) (206 185)
[225, 190, 160] ---> [[225, 189, 160], [206, 185]]
[225, 190, 161] ---> [[225, 189, 161], [206, 185]]
[225, 190, 162] ---> [[225, 189, 162], [206, 185]]
[225, 190, 163] ---> [[225, 189, 163], [206, 185]]
[225, 190, 164] ---> [[225, 189, 164], [206, 185]]
[225, 190, 165] ---> [[225, 189, 165], [206, 185]]
[225, 190, 166] ---> [[225, 189, 166], [206, 185]]
[225, 190, 167] ---> [[225, 189, 167], [206, 185]]

*** starts with 225 190 [168 - 175], outputs two utf8 chars : (225 189 "lastbyte - 8") (206 185)
[225, 190, 168] ---> [[225, 189, 160], [206, 185]]
[225, 190, 169] ---> [[225, 189, 161], [206, 185]]
[225, 190, 170] ---> [[225, 189, 162], [206, 185]]
[225, 190, 171] ---> [[225, 189, 163], [206, 185]]
[225, 190, 172] ---> [[225, 189, 164], [206, 185]]
[225, 190, 173] ---> [[225, 189, 165], [206, 185]]
[225, 190, 174] ---> [[225, 189, 166], [206, 185]]
[225, 190, 175] ---> [[225, 189, 167], [206, 185]]

*** starts with 225 191 [146 - 147], outputs three utf8 chars : (206 185) (204 136) (204 "lastbyte - 18")
[225, 191, 146] ---> [[206, 185], [204, 136], [204, 128]]
[225, 191, 147] ---> [[206, 185], [204, 136], [204, 129]]

*** starts with 225 191 [162 - 163], outputs three utf8 chars : (207 133) (204 136) (204 "lastbyte - 34")
[225, 191, 162] ---> [[207, 133], [204, 136], [204, 128]]
[225, 191, 163] ---> [[207, 133], [204, 136], [204, 129]]

*** starts with 227 142 [132 - 133], outputs two utf8 chars : (107) (lastbyte - 35)
[227, 142, 132] ---> [[107], [97]]
[227, 142, 133] ---> [[107], [98]]

*** starts with 239 172 [133 - 134], outputs two utf8 chars : (115) (116)
[239, 172, 133] ---> [[115], [116]]
[239, 172, 134] ---> [[115], [116]]

***
[225, 190, 186] ---> [[225, 189, 176]]
[225, 190, 187] ---> [[225, 189, 177]]

***
[225, 191, 136] ---> [[225, 189, 178]]
[225, 191, 137] ---> [[225, 189, 179]]
[225, 191, 138] ---> [[225, 189, 180]]
[225, 191, 139] ---> [[225, 189, 181]]

***
[225, 191, 154] ---> [[225, 189, 182]]
[225, 191, 155] ---> [[225, 189, 183]]

***
[225, 191, 170] ---> [[225, 189, 186]]
[225, 191, 171] ---> [[225, 189, 187]]

***
[225, 191, 184] ---> [[225, 189, 184]]
[225, 191, 185] ---> [[225, 189, 185]]

***
[225, 191, 186] ---> [[225, 189, 188]]
[225, 191, 187] ---> [[225, 189, 189]]

***
[226, 146, 182] ---> [[226, 147, 144]]
[226, 146, 183] ---> [[226, 147, 145]]

***
[226, 146, 184] ---> [[226, 147, 146]]
[226, 146, 185] ---> [[226, 147, 147]]
[226, 146, 186] ---> [[226, 147, 148]]
[226, 146, 187] ---> [[226, 147, 149]]
[226, 146, 188] ---> [[226, 147, 150]]
[226, 146, 189] ---> [[226, 147, 151]]
[226, 146, 190] ---> [[226, 147, 152]]
[226, 146, 191] ---> [[226, 147, 153]]

***
[239, 188, 161] ---> [[239, 189, 129]]
[239, 188, 162] ---> [[239, 189, 130]]
[239, 188, 163] ---> [[239, 189, 131]]
[239, 188, 164] ---> [[239, 189, 132]]
[239, 188, 165] ---> [[239, 189, 133]]
[239, 188, 166] ---> [[239, 189, 134]]
[239, 188, 167] ---> [[239, 189, 135]]
[239, 188, 168] ---> [[239, 189, 136]]
[239, 188, 169] ---> [[239, 189, 137]]
[239, 188, 170] ---> [[239, 189, 138]]
[239, 188, 171] ---> [[239, 189, 139]]
[239, 188, 172] ---> [[239, 189, 140]]
[239, 188, 173] ---> [[239, 189, 141]]
[239, 188, 174] ---> [[239, 189, 142]]
[239, 188, 175] ---> [[239, 189, 143]]
[239, 188, 176] ---> [[239, 189, 144]]
[239, 188, 177] ---> [[239, 189, 145]]
[239, 188, 178] ---> [[239, 189, 146]]
[239, 188, 179] ---> [[239, 189, 147]]
[239, 188, 180] ---> [[239, 189, 148]]
[239, 188, 181] ---> [[239, 189, 149]]
[239, 188, 182] ---> [[239, 189, 150]]
[239, 188, 183] ---> [[239, 189, 151]]
[239, 188, 184] ---> [[239, 189, 152]]
[239, 188, 185] ---> [[239, 189, 153]]
[239, 188, 186] ---> [[239, 189, 154]]

*** starts with 240 144 144 [152 - 153], maps to 240 144 145 "lastbyte - 24"
[240, 144, 144, 152] ---> [[240, 144, 145, 128]]
[240, 144, 144, 153] ---> [[240, 144, 145, 129]]
[240, 144, 144, 154] ---> [[240, 144, 145, 130]]
[240, 144, 144, 155] ---> [[240, 144, 145, 131]]
[240, 144, 144, 156] ---> [[240, 144, 145, 132]]
[240, 144, 144, 157] ---> [[240, 144, 145, 133]]
[240, 144, 144, 158] ---> [[240, 144, 145, 134]]
[240, 144, 144, 159] ---> [[240, 144, 145, 135]]
[240, 144, 144, 160] ---> [[240, 144, 145, 136]]
[240, 144, 144, 161] ---> [[240, 144, 145, 137]]
[240, 144, 144, 162] ---> [[240, 144, 145, 138]]
[240, 144, 144, 163] ---> [[240, 144, 145, 139]]
[240, 144, 144, 164] ---> [[240, 144, 145, 140]]
[240, 144, 144, 165] ---> [[240, 144, 145, 141]]

***
[206, 160] ---> [[207, 128]]
[206, 161] ---> [[207, 129]]

***
[206, 163] ---> [[207, 131]]
[206, 164] ---> [[207, 132]]
[206, 165] ---> [[207, 133]]
[206, 166] ---> [[207, 134]]
[206, 167] ---> [[207, 135]]
[206, 168] ---> [[207, 136]]
[206, 169] ---> [[207, 137]]
[206, 170] ---> [[207, 138]]
[206, 171] ---> [[207, 139]]

***
[208, 128] ---> [[209, 144]]
[208, 129] ---> [[209, 145]]
[208, 130] ---> [[209, 146]]
[208, 131] ---> [[209, 147]]
[208, 132] ---> [[209, 148]]
[208, 133] ---> [[209, 149]]
[208, 134] ---> [[209, 150]]
[208, 135] ---> [[209, 151]]
[208, 136] ---> [[209, 152]]
[208, 137] ---> [[209, 153]]
[208, 138] ---> [[209, 154]]
[208, 139] ---> [[209, 155]]
[208, 140] ---> [[209, 156]]
[208, 141] ---> [[209, 157]]
[208, 142] ---> [[209, 158]]
[208, 143] ---> [[209, 159]]

***
[208, 160] ---> [[209, 128]]
[208, 161] ---> [[209, 129]]
[208, 162] ---> [[209, 130]]
[208, 163] ---> [[209, 131]]
[208, 164] ---> [[209, 132]]
[208, 165] ---> [[209, 133]]
[208, 166] ---> [[209, 134]]
[208, 167] ---> [[209, 135]]
[208, 168] ---> [[209, 136]]
[208, 169] ---> [[209, 137]]
[208, 170] ---> [[209, 138]]
[208, 171] ---> [[209, 139]]
[208, 172] ---> [[209, 140]]
[208, 173] ---> [[209, 141]]
[208, 174] ---> [[209, 142]]
[208, 175] ---> [[209, 143]]

***
[212, 177] ---> [[213, 161]]
[212, 178] ---> [[213, 162]]
[212, 179] ---> [[213, 163]]
[212, 180] ---> [[213, 164]]
[212, 181] ---> [[213, 165]]
[212, 182] ---> [[213, 166]]
[212, 183] ---> [[213, 167]]
[212, 184] ---> [[213, 168]]
[212, 185] ---> [[213, 169]]
[212, 186] ---> [[213, 170]]
[212, 187] ---> [[213, 171]]
[212, 188] ---> [[213, 172]]
[212, 189] ---> [[213, 173]]
[212, 190] ---> [[213, 174]]
[212, 191] ---> [[213, 175]]

***
[213, 144] ---> [[214, 128]]
[213, 145] ---> [[214, 129]]
[213, 146] ---> [[214, 130]]
[213, 147] ---> [[214, 131]]
[213, 148] ---> [[214, 132]]
[213, 149] ---> [[214, 133]]
[213, 150] ---> [[214, 134]]
