[206, 134] ---> [[206, 172]]
[207, 146] ---> [[207, 133]]
[207, 147] ---> [[207, 141]]
[207, 148] ---> [[207, 139]]
[207, 149] ---> [[207, 134]]
[207, 150] ---> [[207, 128]]
[207, 177] ---> [[207, 129]]
[207, 178] ---> [[207, 131]]
[225, 191, 172] ---> [[225, 191, 165]]
[198, 135] ---> [[198, 136]]
[198, 139] ---> [[198, 140]]
[198, 145] ---> [[198, 146]]
[198, 152] ---> [[198, 153]]
[198, 167] ---> [[198, 168]]
[198, 172] ---> [[198, 173]]
[198, 175] ---> [[198, 176]]
[198, 184] ---> [[198, 185]]
[198, 188] ---> [[198, 189]]
[199, 133] ---> [[199, 134]]
[199, 136] ---> [[199, 137]]
[207, 130] ---> [[207, 131]]
[210, 128] ---> [[210, 129]]
[211, 184] ---> [[211, 185]]
[199, 177] ---> [[199, 179]]
[197, 191] ---> [[115]]
[225, 190, 190] ---> [[206, 185]]
[226, 132, 130] ---> [[99]]
[226, 132, 135] ---> [[201, 155]]
[226, 132, 146] ---> [[108]]
[226, 132, 149] ---> [[110]]
[226, 132, 153] ---> [[112]]
[226, 132, 154] ---> [[113]]
[226, 132, 164] ---> [[122]]
[226, 132, 166] ---> [[207, 137]]
[226, 132, 168] ---> [[122]]
[226, 132, 170] ---> [[107]]
[226, 132, 171] ---> [[195, 165]]
[226, 132, 179] ---> [[109]]
[226, 132, 190] ---> [[206, 179]]
[226, 132, 191] ---> [[207, 128]]
[226, 133, 133] ---> [[100]]
[240, 157, 154, 185] ---> [[206, 184]]
[240, 157, 155, 128] ---> [[207, 137]]
[240, 157, 155, 147] ---> [[207, 131]]
[240, 157, 155, 179] ---> [[206, 184]]
[240, 157, 156, 141] ---> [[207, 131]]
[240, 157, 156, 173] ---> [[206, 184]]
[240, 157, 157, 135] ---> [[207, 131]]
[240, 157, 157, 167] ---> [[206, 184]]
[240, 157, 158, 129] ---> [[207, 131]]
[240, 157, 158, 161] ---> [[206, 184]]
[240, 157, 158, 187] ---> [[207, 131]]
[195, 159] ---> [[115], [115]]
[196, 176] ---> [[105], [204, 135]]
[197, 137] ---> [[202, 188], [110]]
[199, 176] ---> [[106], [204, 140]]
[205, 186] ---> [[32], [206, 185]]
[206, 144] ---> [[206, 185], [204, 136], [204, 129]]
[206, 176] ---> [[207, 133], [204, 136], [204, 129]]
[214, 135] ---> [[213, 165], [214, 130]]
[225, 186, 150] ---> [[104], [204, 177]]
[225, 186, 151] ---> [[116], [204, 136]]
[225, 186, 152] ---> [[119], [204, 138]]
[225, 186, 153] ---> [[121], [204, 138]]
[225, 186, 154] ---> [[97], [202, 190]]
[225, 189, 144] ---> [[207, 133], [204, 147]]
[225, 189, 150] ---> [[207, 133], [204, 147], [205, 130]]
[225, 190, 159] ---> [[225, 188, 167], [206, 185]]
[225, 190, 178] ---> [[225, 189, 176], [206, 185]]
[225, 190, 179] ---> [[206, 177], [206, 185]]
[225, 190, 180] ---> [[206, 172], [206, 185]]
[225, 190, 182] ---> [[206, 177], [205, 130]]
[225, 190, 183] ---> [[206, 177], [205, 130], [206, 185]]
[225, 190, 188] ---> [[206, 177], [206, 185]]
[225, 191, 130] ---> [[225, 189, 180], [206, 185]]
[225, 191, 131] ---> [[206, 183], [206, 185]]
[225, 191, 132] ---> [[206, 174], [206, 185]]
[225, 191, 134] ---> [[206, 183], [205, 130]]
[225, 191, 135] ---> [[206, 183], [205, 130], [206, 185]]
[225, 191, 140] ---> [[206, 183], [206, 185]]
[225, 191, 150] ---> [[206, 185], [205, 130]]
[225, 191, 151] ---> [[206, 185], [204, 136], [205, 130]]
[225, 191, 164] ---> [[207, 129], [204, 147]]
[225, 191, 166] ---> [[207, 133], [205, 130]]
[225, 191, 167] ---> [[207, 133], [204, 136], [205, 130]]
[225, 191, 178] ---> [[225, 189, 188], [206, 185]]
[225, 191, 179] ---> [[207, 137], [206, 185]]
[225, 191, 180] ---> [[207, 142], [206, 185]]
[225, 191, 182] ---> [[207, 137], [205, 130]]
[225, 191, 183] ---> [[207, 137], [205, 130], [206, 185]]
[225, 191, 188] ---> [[207, 137], [206, 185]]
[226, 130, 168] ---> [[114], [115]]
[226, 132, 131] ---> [[194, 176], [99]]
[226, 132, 137] ---> [[194, 176], [102]]
[226, 132, 150] ---> [[110], [111]]
[226, 132, 160] ---> [[115], [109]]
[227, 141, 177] ---> [[104], [112], [97]]
[227, 141, 179] ---> [[97], [117]]
[227, 141, 181] ---> [[111], [118]]
[227, 142, 128] ---> [[112], [97]]
[227, 142, 129] ---> [[110], [97]]
[227, 142, 130] ---> [[206, 188], [97]]
[227, 142, 131] ---> [[109], [97]]
[227, 142, 134] ---> [[109], [98]]
[227, 142, 135] ---> [[103], [98]]
[227, 142, 138] ---> [[112], [102]]
[227, 142, 139] ---> [[110], [102]]
[227, 142, 140] ---> [[206, 188], [102]]
[227, 142, 144] ---> [[104], [122]]
[227, 142, 145] ---> [[107], [104], [122]]
[227, 142, 146] ---> [[109], [104], [122]]
[227, 142, 147] ---> [[103], [104], [122]]
[227, 142, 148] ---> [[116], [104], [122]]
[227, 142, 169] ---> [[112], [97]]
[227, 142, 170] ---> [[107], [112], [97]]
[227, 142, 171] ---> [[109], [112], [97]]
[227, 142, 172] ---> [[103], [112], [97]]
[227, 142, 180] ---> [[112], [118]]
[227, 142, 181] ---> [[110], [118]]
[227, 142, 182] ---> [[206, 188], [118]]
[227, 142, 183] ---> [[109], [118]]
[227, 142, 184] ---> [[107], [118]]
[227, 142, 185] ---> [[109], [118]]
[227, 142, 186] ---> [[112], [119]]
[227, 142, 187] ---> [[110], [119]]
[227, 142, 188] ---> [[206, 188], [119]]
[227, 142, 189] ---> [[109], [119]]
[227, 142, 190] ---> [[107], [119]]
[227, 142, 191] ---> [[109], [119]]
[227, 143, 128] ---> [[107], [207, 137]]
[227, 143, 129] ---> [[109], [207, 137]]
[227, 143, 131] ---> [[98], [113]]
[227, 143, 134] ---> [[99], [226, 136, 149], [107], [103]]
[227, 143, 135] ---> [[99], [111], [46]]
[227, 143, 136] ---> [[100], [98]]
[227, 143, 137] ---> [[103], [121]]
[227, 143, 139] ---> [[104], [112]]
[227, 143, 141] ---> [[107], [107]]
[227, 143, 142] ---> [[107], [109]]
[227, 143, 151] ---> [[112], [104]]
[227, 143, 153] ---> [[112], [112], [109]]
[227, 143, 154] ---> [[112], [114]]
[227, 143, 156] ---> [[115], [118]]
[227, 143, 157] ---> [[119], [98]]
[239, 172, 147] ---> [[213, 180], [213, 182]]
[239, 172, 148] ---> [[213, 180], [213, 165]]
[239, 172, 149] ---> [[213, 180], [213, 171]]
[239, 172, 150] ---> [[213, 190], [213, 182]]
[239, 172, 151] ---> [[213, 180], [213, 173]]
[226, 132, 161] ---> [[116], [101], [108]]
[226, 132, 162] ---> [[116], [109]]
[239, 172, 128] ---> [[102], [102]]
[239, 172, 129] ---> [[102], [105]]
[239, 172, 130] ---> [[102], [108]]
[239, 172, 131] ---> [[102], [102], [105]]
[239, 172, 132] ---> [[102], [102], [108]]
[225, 189, 146] ---> [[207, 133], [204, 147], [204, 128]]
[225, 189, 148] ---> [[207, 133], [204, 147], [204, 129]]
[194, 181] ---> [[206, 188]]
[196, 191] ---> [[197, 128]]
[197, 184] ---> [[195, 191]]
[198, 129] ---> [[201, 147]]
[198, 134] ---> [[201, 148]]
[198, 137] ---> [[201, 150]]
[198, 138] ---> [[201, 151]]
[198, 142] ---> [[199, 157]]
[198, 143] ---> [[201, 153]]
[198, 144] ---> [[201, 155]]
[198, 147] ---> [[201, 160]]
[198, 148] ---> [[201, 163]]
[198, 150] ---> [[201, 169]]
[198, 151] ---> [[201, 168]]
[198, 156] ---> [[201, 175]]
[198, 157] ---> [[201, 178]]
[198, 159] ---> [[201, 181]]
[198, 166] ---> [[202, 128]]
[198, 169] ---> [[202, 131]]
[198, 174] ---> [[202, 136]]
[198, 177] ---> [[202, 138]]
[198, 178] ---> [[202, 139]]
[198, 183] ---> [[202, 146]]
[199, 182] ---> [[198, 149]]
[199, 183] ---> [[198, 191]]
[200, 160] ---> [[198, 158]]
[205, 133] ---> [[206, 185]]
[206, 140] ---> [[207, 140]]
[206, 142] ---> [[207, 141]]
[206, 143] ---> [[207, 142]]
[207, 144] ---> [[206, 178]]
[207, 145] ---> [[206, 184]]
[207, 176] ---> [[206, 186]]
[207, 180] ---> [[206, 184]]
[207, 181] ---> [[206, 181]]
[225, 186, 155] ---> [[225, 185, 161]]