[225, 184, 128] 1E00 ---> [[225, 184, 129]] 1E01 
[225, 184, 130] 1E02 ---> [[225, 184, 131]] 1E03 
[225, 184, 132] 1E04 ---> [[225, 184, 133]] 1E05 
[225, 184, 134] 1E06 ---> [[225, 184, 135]] 1E07 
[225, 184, 136] 1E08 ---> [[225, 184, 137]] 1E09 
[225, 184, 138] 1E0A ---> [[225, 184, 139]] 1E0B 
[225, 184, 140] 1E0C ---> [[225, 184, 141]] 1E0D 
[225, 184, 142] 1E0E ---> [[225, 184, 143]] 1E0F 
[225, 184, 144] 1E10 ---> [[225, 184, 145]] 1E11 
[225, 184, 146] 1E12 ---> [[225, 184, 147]] 1E13 
[225, 184, 148] 1E14 ---> [[225, 184, 149]] 1E15 
[225, 184, 150] 1E16 ---> [[225, 184, 151]] 1E17 
[225, 184, 152] 1E18 ---> [[225, 184, 153]] 1E19 
[225, 184, 154] 1E1A ---> [[225, 184, 155]] 1E1B 
[225, 184, 156] 1E1C ---> [[225, 184, 157]] 1E1D 
[225, 184, 158] 1E1E ---> [[225, 184, 159]] 1E1F 
[225, 184, 160] 1E20 ---> [[225, 184, 161]] 1E21 
[225, 184, 162] 1E22 ---> [[225, 184, 163]] 1E23 
[225, 184, 164] 1E24 ---> [[225, 184, 165]] 1E25 
[225, 184, 166] 1E26 ---> [[225, 184, 167]] 1E27 
[225, 184, 168] 1E28 ---> [[225, 184, 169]] 1E29 
[225, 184, 170] 1E2A ---> [[225, 184, 171]] 1E2B 
[225, 184, 172] 1E2C ---> [[225, 184, 173]] 1E2D 
[225, 184, 174] 1E2E ---> [[225, 184, 175]] 1E2F 
[225, 184, 176] 1E30 ---> [[225, 184, 177]] 1E31 
[225, 184, 178] 1E32 ---> [[225, 184, 179]] 1E33 
[225, 184, 180] 1E34 ---> [[225, 184, 181]] 1E35 
[225, 184, 182] 1E36 ---> [[225, 184, 183]] 1E37 
[225, 184, 184] 1E38 ---> [[225, 184, 185]] 1E39 
[225, 184, 186] 1E3A ---> [[225, 184, 187]] 1E3B 
[225, 184, 188] 1E3C ---> [[225, 184, 189]] 1E3D 
[225, 184, 190] 1E3E ---> [[225, 184, 191]] 1E3F 
[225, 185, 128] 1E40 ---> [[225, 185, 129]] 1E41 
[225, 185, 130] 1E42 ---> [[225, 185, 131]] 1E43 
[225, 185, 132] 1E44 ---> [[225, 185, 133]] 1E45 
[225, 185, 134] 1E46 ---> [[225, 185, 135]] 1E47 
[225, 185, 136] 1E48 ---> [[225, 185, 137]] 1E49 
[225, 185, 138] 1E4A ---> [[225, 185, 139]] 1E4B 
[225, 185, 140] 1E4C ---> [[225, 185, 141]] 1E4D 
[225, 185, 142] 1E4E ---> [[225, 185, 143]] 1E4F 
[225, 185, 144] 1E50 ---> [[225, 185, 145]] 1E51 
[225, 185, 146] 1E52 ---> [[225, 185, 147]] 1E53 
[225, 185, 148] 1E54 ---> [[225, 185, 149]] 1E55 
[225, 185, 150] 1E56 ---> [[225, 185, 151]] 1E57 
[225, 185, 152] 1E58 ---> [[225, 185, 153]] 1E59 
[225, 185, 154] 1E5A ---> [[225, 185, 155]] 1E5B 
[225, 185, 156] 1E5C ---> [[225, 185, 157]] 1E5D 
[225, 185, 158] 1E5E ---> [[225, 185, 159]] 1E5F 
[225, 185, 160] 1E60 ---> [[225, 185, 161]] 1E61 
[225, 185, 162] 1E62 ---> [[225, 185, 163]] 1E63 
[225, 185, 164] 1E64 ---> [[225, 185, 165]] 1E65 
[225, 185, 166] 1E66 ---> [[225, 185, 167]] 1E67 
[225, 185, 168] 1E68 ---> [[225, 185, 169]] 1E69 
[225, 185, 170] 1E6A ---> [[225, 185, 171]] 1E6B 
[225, 185, 172] 1E6C ---> [[225, 185, 173]] 1E6D 
[225, 185, 174] 1E6E ---> [[225, 185, 175]] 1E6F 
[225, 185, 176] 1E70 ---> [[225, 185, 177]] 1E71 
[225, 185, 178] 1E72 ---> [[225, 185, 179]] 1E73 
[225, 185, 180] 1E74 ---> [[225, 185, 181]] 1E75 
[225, 185, 182] 1E76 ---> [[225, 185, 183]] 1E77 
[225, 185, 184] 1E78 ---> [[225, 185, 185]] 1E79 
[225, 185, 186] 1E7A ---> [[225, 185, 187]] 1E7B 
[225, 185, 188] 1E7C ---> [[225, 185, 189]] 1E7D 
[225, 185, 190] 1E7E ---> [[225, 185, 191]] 1E7F 
[225, 186, 128] 1E80 ---> [[225, 186, 129]] 1E81 
[225, 186, 130] 1E82 ---> [[225, 186, 131]] 1E83 
[225, 186, 132] 1E84 ---> [[225, 186, 133]] 1E85 
[225, 186, 134] 1E86 ---> [[225, 186, 135]] 1E87 
[225, 186, 136] 1E88 ---> [[225, 186, 137]] 1E89 
[225, 186, 138] 1E8A ---> [[225, 186, 139]] 1E8B 
[225, 186, 140] 1E8C ---> [[225, 186, 141]] 1E8D 
[225, 186, 142] 1E8E ---> [[225, 186, 143]] 1E8F 
[225, 186, 144] 1E90 ---> [[225, 186, 145]] 1E91 
[225, 186, 146] 1E92 ---> [[225, 186, 147]] 1E93 
[225, 186, 148] 1E94 ---> [[225, 186, 149]] 1E95 
[225, 186, 150] 1E96 ---> [[104], [204, 177]] 0068 0331 
[225, 186, 151] 1E97 ---> [[116], [204, 136]] 0074 0308 
[225, 186, 152] 1E98 ---> [[119], [204, 138]] 0077 030A 
[225, 186, 153] 1E99 ---> [[121], [204, 138]] 0079 030A 
[225, 186, 154] 1E9A ---> [[97], [202, 190]] 0061 02BE 
[225, 186, 155] 1E9B ---> [[225, 185, 161]] 1E61 
[225, 186, 160] 1EA0 ---> [[225, 186, 161]] 1EA1 
[225, 186, 162] 1EA2 ---> [[225, 186, 163]] 1EA3 
[225, 186, 164] 1EA4 ---> [[225, 186, 165]] 1EA5 
[225, 186, 166] 1EA6 ---> [[225, 186, 167]] 1EA7 
[225, 186, 168] 1EA8 ---> [[225, 186, 169]] 1EA9 
[225, 186, 170] 1EAA ---> [[225, 186, 171]] 1EAB 
[225, 186, 172] 1EAC ---> [[225, 186, 173]] 1EAD 
[225, 186, 174] 1EAE ---> [[225, 186, 175]] 1EAF 
[225, 186, 176] 1EB0 ---> [[225, 186, 177]] 1EB1 
[225, 186, 178] 1EB2 ---> [[225, 186, 179]] 1EB3 
[225, 186, 180] 1EB4 ---> [[225, 186, 181]] 1EB5 
[225, 186, 182] 1EB6 ---> [[225, 186, 183]] 1EB7 
[225, 186, 184] 1EB8 ---> [[225, 186, 185]] 1EB9 
[225, 186, 186] 1EBA ---> [[225, 186, 187]] 1EBB 
[225, 186, 188] 1EBC ---> [[225, 186, 189]] 1EBD 
[225, 186, 190] 1EBE ---> [[225, 186, 191]] 1EBF 
[225, 187, 128] 1EC0 ---> [[225, 187, 129]] 1EC1 
[225, 187, 130] 1EC2 ---> [[225, 187, 131]] 1EC3 
[225, 187, 132] 1EC4 ---> [[225, 187, 133]] 1EC5 
[225, 187, 134] 1EC6 ---> [[225, 187, 135]] 1EC7 
[225, 187, 136] 1EC8 ---> [[225, 187, 137]] 1EC9 
[225, 187, 138] 1ECA ---> [[225, 187, 139]] 1ECB 
[225, 187, 140] 1ECC ---> [[225, 187, 141]] 1ECD 
[225, 187, 142] 1ECE ---> [[225, 187, 143]] 1ECF 
[225, 187, 144] 1ED0 ---> [[225, 187, 145]] 1ED1 
[225, 187, 146] 1ED2 ---> [[225, 187, 147]] 1ED3 
[225, 187, 148] 1ED4 ---> [[225, 187, 149]] 1ED5 
[225, 187, 150] 1ED6 ---> [[225, 187, 151]] 1ED7 
[225, 187, 152] 1ED8 ---> [[225, 187, 153]] 1ED9 
[225, 187, 154] 1EDA ---> [[225, 187, 155]] 1EDB 
[225, 187, 156] 1EDC ---> [[225, 187, 157]] 1EDD 
[225, 187, 158] 1EDE ---> [[225, 187, 159]] 1EDF 
[225, 187, 160] 1EE0 ---> [[225, 187, 161]] 1EE1 
[225, 187, 162] 1EE2 ---> [[225, 187, 163]] 1EE3 
[225, 187, 164] 1EE4 ---> [[225, 187, 165]] 1EE5 
[225, 187, 166] 1EE6 ---> [[225, 187, 167]] 1EE7 
[225, 187, 168] 1EE8 ---> [[225, 187, 169]] 1EE9 
[225, 187, 170] 1EEA ---> [[225, 187, 171]] 1EEB 
[225, 187, 172] 1EEC ---> [[225, 187, 173]] 1EED 
[225, 187, 174] 1EEE ---> [[225, 187, 175]] 1EEF 
[225, 187, 176] 1EF0 ---> [[225, 187, 177]] 1EF1 
[225, 187, 178] 1EF2 ---> [[225, 187, 179]] 1EF3 
[225, 187, 180] 1EF4 ---> [[225, 187, 181]] 1EF5 
[225, 187, 182] 1EF6 ---> [[225, 187, 183]] 1EF7 
[225, 187, 184] 1EF8 ---> [[225, 187, 185]] 1EF9 
[225, 188, 136] 1F08 ---> [[225, 188, 128]] 1F00 
[225, 188, 137] 1F09 ---> [[225, 188, 129]] 1F01 
[225, 188, 138] 1F0A ---> [[225, 188, 130]] 1F02 
[225, 188, 139] 1F0B ---> [[225, 188, 131]] 1F03 
[225, 188, 140] 1F0C ---> [[225, 188, 132]] 1F04 
[225, 188, 141] 1F0D ---> [[225, 188, 133]] 1F05 
[225, 188, 142] 1F0E ---> [[225, 188, 134]] 1F06 
[225, 188, 143] 1F0F ---> [[225, 188, 135]] 1F07 
[225, 188, 152] 1F18 ---> [[225, 188, 144]] 1F10 
[225, 188, 153] 1F19 ---> [[225, 188, 145]] 1F11 
[225, 188, 154] 1F1A ---> [[225, 188, 146]] 1F12 
[225, 188, 155] 1F1B ---> [[225, 188, 147]] 1F13 
[225, 188, 156] 1F1C ---> [[225, 188, 148]] 1F14 
[225, 188, 157] 1F1D ---> [[225, 188, 149]] 1F15 
[225, 188, 168] 1F28 ---> [[225, 188, 160]] 1F20 
[225, 188, 169] 1F29 ---> [[225, 188, 161]] 1F21 
[225, 188, 170] 1F2A ---> [[225, 188, 162]] 1F22 
[225, 188, 171] 1F2B ---> [[225, 188, 163]] 1F23 
[225, 188, 172] 1F2C ---> [[225, 188, 164]] 1F24 
[225, 188, 173] 1F2D ---> [[225, 188, 165]] 1F25 
[225, 188, 174] 1F2E ---> [[225, 188, 166]] 1F26 
[225, 188, 175] 1F2F ---> [[225, 188, 167]] 1F27 
[225, 188, 184] 1F38 ---> [[225, 188, 176]] 1F30 
[225, 188, 185] 1F39 ---> [[225, 188, 177]] 1F31 
[225, 188, 186] 1F3A ---> [[225, 188, 178]] 1F32 
[225, 188, 187] 1F3B ---> [[225, 188, 179]] 1F33 
[225, 188, 188] 1F3C ---> [[225, 188, 180]] 1F34 
[225, 188, 189] 1F3D ---> [[225, 188, 181]] 1F35 
[225, 188, 190] 1F3E ---> [[225, 188, 182]] 1F36 
[225, 188, 191] 1F3F ---> [[225, 188, 183]] 1F37 
[225, 189, 136] 1F48 ---> [[225, 189, 128]] 1F40 
[225, 189, 137] 1F49 ---> [[225, 189, 129]] 1F41 
[225, 189, 138] 1F4A ---> [[225, 189, 130]] 1F42 
[225, 189, 139] 1F4B ---> [[225, 189, 131]] 1F43 
[225, 189, 140] 1F4C ---> [[225, 189, 132]] 1F44 
[225, 189, 141] 1F4D ---> [[225, 189, 133]] 1F45 
[225, 189, 144] 1F50 ---> [[207, 133], [204, 147]] 03C5 0313 
[225, 189, 146] 1F52 ---> [[207, 133], [204, 147], [204, 128]] 03C5 0313 0300 
[225, 189, 148] 1F54 ---> [[207, 133], [204, 147], [204, 129]] 03C5 0313 0301 
[225, 189, 150] 1F56 ---> [[207, 133], [204, 147], [205, 130]] 03C5 0313 0342 
[225, 189, 153] 1F59 ---> [[225, 189, 145]] 1F51 
[225, 189, 155] 1F5B ---> [[225, 189, 147]] 1F53 
[225, 189, 157] 1F5D ---> [[225, 189, 149]] 1F55 
[225, 189, 159] 1F5F ---> [[225, 189, 151]] 1F57 
[225, 189, 168] 1F68 ---> [[225, 189, 160]] 1F60 
[225, 189, 169] 1F69 ---> [[225, 189, 161]] 1F61 
[225, 189, 170] 1F6A ---> [[225, 189, 162]] 1F62 
[225, 189, 171] 1F6B ---> [[225, 189, 163]] 1F63 
[225, 189, 172] 1F6C ---> [[225, 189, 164]] 1F64 
[225, 189, 173] 1F6D ---> [[225, 189, 165]] 1F65 
[225, 189, 174] 1F6E ---> [[225, 189, 166]] 1F66 
[225, 189, 175] 1F6F ---> [[225, 189, 167]] 1F67 
[225, 190, 128] 1F80 ---> [[225, 188, 128], [206, 185]] 1F00 03B9 
[225, 190, 129] 1F81 ---> [[225, 188, 129], [206, 185]] 1F01 03B9 
[225, 190, 130] 1F82 ---> [[225, 188, 130], [206, 185]] 1F02 03B9 
[225, 190, 131] 1F83 ---> [[225, 188, 131], [206, 185]] 1F03 03B9 
[225, 190, 132] 1F84 ---> [[225, 188, 132], [206, 185]] 1F04 03B9 
[225, 190, 133] 1F85 ---> [[225, 188, 133], [206, 185]] 1F05 03B9 
[225, 190, 134] 1F86 ---> [[225, 188, 134], [206, 185]] 1F06 03B9 
[225, 190, 135] 1F87 ---> [[225, 188, 135], [206, 185]] 1F07 03B9 
[225, 190, 136] 1F88 ---> [[225, 188, 128], [206, 185]] 1F00 03B9 
[225, 190, 137] 1F89 ---> [[225, 188, 129], [206, 185]] 1F01 03B9 
[225, 190, 138] 1F8A ---> [[225, 188, 130], [206, 185]] 1F02 03B9 
[225, 190, 139] 1F8B ---> [[225, 188, 131], [206, 185]] 1F03 03B9 
[225, 190, 140] 1F8C ---> [[225, 188, 132], [206, 185]] 1F04 03B9 
[225, 190, 141] 1F8D ---> [[225, 188, 133], [206, 185]] 1F05 03B9 
[225, 190, 142] 1F8E ---> [[225, 188, 134], [206, 185]] 1F06 03B9 
[225, 190, 143] 1F8F ---> [[225, 188, 135], [206, 185]] 1F07 03B9 
[225, 190, 144] 1F90 ---> [[225, 188, 160], [206, 185]] 1F20 03B9 
[225, 190, 145] 1F91 ---> [[225, 188, 161], [206, 185]] 1F21 03B9 
[225, 190, 146] 1F92 ---> [[225, 188, 162], [206, 185]] 1F22 03B9 
[225, 190, 147] 1F93 ---> [[225, 188, 163], [206, 185]] 1F23 03B9 
[225, 190, 148] 1F94 ---> [[225, 188, 164], [206, 185]] 1F24 03B9 
[225, 190, 149] 1F95 ---> [[225, 188, 165], [206, 185]] 1F25 03B9 
[225, 190, 150] 1F96 ---> [[225, 188, 166], [206, 185]] 1F26 03B9 
[225, 190, 151] 1F97 ---> [[225, 188, 167], [206, 185]] 1F27 03B9 
[225, 190, 152] 1F98 ---> [[225, 188, 160], [206, 185]] 1F20 03B9 
[225, 190, 153] 1F99 ---> [[225, 188, 161], [206, 185]] 1F21 03B9 
[225, 190, 154] 1F9A ---> [[225, 188, 162], [206, 185]] 1F22 03B9 
[225, 190, 155] 1F9B ---> [[225, 188, 163], [206, 185]] 1F23 03B9 
[225, 190, 156] 1F9C ---> [[225, 188, 164], [206, 185]] 1F24 03B9 
[225, 190, 157] 1F9D ---> [[225, 188, 165], [206, 185]] 1F25 03B9 
[225, 190, 158] 1F9E ---> [[225, 188, 166], [206, 185]] 1F26 03B9 
[225, 190, 159] 1F9F ---> [[225, 188, 167], [206, 185]] 1F27 03B9 
[225, 190, 160] 1FA0 ---> [[225, 189, 160], [206, 185]] 1F60 03B9 
[225, 190, 161] 1FA1 ---> [[225, 189, 161], [206, 185]] 1F61 03B9 
[225, 190, 162] 1FA2 ---> [[225, 189, 162], [206, 185]] 1F62 03B9 
[225, 190, 163] 1FA3 ---> [[225, 189, 163], [206, 185]] 1F63 03B9 
[225, 190, 164] 1FA4 ---> [[225, 189, 164], [206, 185]] 1F64 03B9 
[225, 190, 165] 1FA5 ---> [[225, 189, 165], [206, 185]] 1F65 03B9 
[225, 190, 166] 1FA6 ---> [[225, 189, 166], [206, 185]] 1F66 03B9 
[225, 190, 167] 1FA7 ---> [[225, 189, 167], [206, 185]] 1F67 03B9 
[225, 190, 168] 1FA8 ---> [[225, 189, 160], [206, 185]] 1F60 03B9 
[225, 190, 169] 1FA9 ---> [[225, 189, 161], [206, 185]] 1F61 03B9 
[225, 190, 170] 1FAA ---> [[225, 189, 162], [206, 185]] 1F62 03B9 
[225, 190, 171] 1FAB ---> [[225, 189, 163], [206, 185]] 1F63 03B9 
[225, 190, 172] 1FAC ---> [[225, 189, 164], [206, 185]] 1F64 03B9 
[225, 190, 173] 1FAD ---> [[225, 189, 165], [206, 185]] 1F65 03B9 
[225, 190, 174] 1FAE ---> [[225, 189, 166], [206, 185]] 1F66 03B9 
[225, 190, 175] 1FAF ---> [[225, 189, 167], [206, 185]] 1F67 03B9 
[225, 190, 178] 1FB2 ---> [[225, 189, 176], [206, 185]] 1F70 03B9 
[225, 190, 179] 1FB3 ---> [[206, 177], [206, 185]] 03B1 03B9 
[225, 190, 180] 1FB4 ---> [[206, 172], [206, 185]] 03AC 03B9 
[225, 190, 182] 1FB6 ---> [[206, 177], [205, 130]] 03B1 0342 
[225, 190, 183] 1FB7 ---> [[206, 177], [205, 130], [206, 185]] 03B1 0342 03B9 
[225, 190, 184] 1FB8 ---> [[225, 190, 176]] 1FB0 
[225, 190, 185] 1FB9 ---> [[225, 190, 177]] 1FB1 
[225, 190, 186] 1FBA ---> [[225, 189, 176]] 1F70 
[225, 190, 187] 1FBB ---> [[225, 189, 177]] 1F71 
[225, 190, 188] 1FBC ---> [[206, 177], [206, 185]] 03B1 03B9 
[225, 190, 190] 1FBE ---> [[206, 185]] 03B9 
[225, 191, 130] 1FC2 ---> [[225, 189, 180], [206, 185]] 1F74 03B9 
[225, 191, 131] 1FC3 ---> [[206, 183], [206, 185]] 03B7 03B9 
[225, 191, 132] 1FC4 ---> [[206, 174], [206, 185]] 03AE 03B9 
[225, 191, 134] 1FC6 ---> [[206, 183], [205, 130]] 03B7 0342 
[225, 191, 135] 1FC7 ---> [[206, 183], [205, 130], [206, 185]] 03B7 0342 03B9 
[225, 191, 136] 1FC8 ---> [[225, 189, 178]] 1F72 
[225, 191, 137] 1FC9 ---> [[225, 189, 179]] 1F73 
[225, 191, 138] 1FCA ---> [[225, 189, 180]] 1F74 
[225, 191, 139] 1FCB ---> [[225, 189, 181]] 1F75 
[225, 191, 140] 1FCC ---> [[206, 183], [206, 185]] 03B7 03B9 
[225, 191, 146] 1FD2 ---> [[206, 185], [204, 136], [204, 128]] 03B9 0308 0300 
[225, 191, 147] 1FD3 ---> [[206, 185], [204, 136], [204, 129]] 03B9 0308 0301 
[225, 191, 150] 1FD6 ---> [[206, 185], [205, 130]] 03B9 0342 
[225, 191, 151] 1FD7 ---> [[206, 185], [204, 136], [205, 130]] 03B9 0308 0342 
[225, 191, 152] 1FD8 ---> [[225, 191, 144]] 1FD0 
[225, 191, 153] 1FD9 ---> [[225, 191, 145]] 1FD1 
[225, 191, 154] 1FDA ---> [[225, 189, 182]] 1F76 
[225, 191, 155] 1FDB ---> [[225, 189, 183]] 1F77 
[225, 191, 162] 1FE2 ---> [[207, 133], [204, 136], [204, 128]] 03C5 0308 0300 
[225, 191, 163] 1FE3 ---> [[207, 133], [204, 136], [204, 129]] 03C5 0308 0301 
[225, 191, 164] 1FE4 ---> [[207, 129], [204, 147]] 03C1 0313 
[225, 191, 166] 1FE6 ---> [[207, 133], [205, 130]] 03C5 0342 
[225, 191, 167] 1FE7 ---> [[207, 133], [204, 136], [205, 130]] 03C5 0308 0342 
[225, 191, 168] 1FE8 ---> [[225, 191, 160]] 1FE0 
[225, 191, 169] 1FE9 ---> [[225, 191, 161]] 1FE1 
[225, 191, 170] 1FEA ---> [[225, 189, 186]] 1F7A 
[225, 191, 171] 1FEB ---> [[225, 189, 187]] 1F7B 
[225, 191, 172] 1FEC ---> [[225, 191, 165]] 1FE5 
[225, 191, 178] 1FF2 ---> [[225, 189, 188], [206, 185]] 1F7C 03B9 
[225, 191, 179] 1FF3 ---> [[207, 137], [206, 185]] 03C9 03B9 
[225, 191, 180] 1FF4 ---> [[207, 142], [206, 185]] 03CE 03B9 
[225, 191, 182] 1FF6 ---> [[207, 137], [205, 130]] 03C9 0342 
[225, 191, 183] 1FF7 ---> [[207, 137], [205, 130], [206, 185]] 03C9 0342 03B9 
[225, 191, 184] 1FF8 ---> [[225, 189, 184]] 1F78 
[225, 191, 185] 1FF9 ---> [[225, 189, 185]] 1F79 
[225, 191, 186] 1FFA ---> [[225, 189, 188]] 1F7C 
[225, 191, 187] 1FFB ---> [[225, 189, 189]] 1F7D 
[225, 191, 188] 1FFC ---> [[207, 137], [206, 185]] 03C9 03B9 
[226, 130, 168] 20A8 ---> [[114], [115]] 0072 0073 
[226, 132, 130] 2102 ---> [[99]] 0063 
[226, 132, 131] 2103 ---> [[194, 176], [99]] 00B0 0063 
[226, 132, 135] 2107 ---> [[201, 155]] 025B 
[226, 132, 137] 2109 ---> [[194, 176], [102]] 00B0 0066 
[226, 132, 139] 210B ---> [[104]] 0068 
[226, 132, 140] 210C ---> [[104]] 0068 
[226, 132, 141] 210D ---> [[104]] 0068 
[226, 132, 144] 2110 ---> [[105]] 0069 
[226, 132, 145] 2111 ---> [[105]] 0069 
[226, 132, 146] 2112 ---> [[108]] 006C 
[226, 132, 149] 2115 ---> [[110]] 006E 
[226, 132, 150] 2116 ---> [[110], [111]] 006E 006F 
[226, 132, 153] 2119 ---> [[112]] 0070 
[226, 132, 154] 211A ---> [[113]] 0071 
[226, 132, 155] 211B ---> [[114]] 0072 
[226, 132, 156] 211C ---> [[114]] 0072 
[226, 132, 157] 211D ---> [[114]] 0072 
[226, 132, 160] 2120 ---> [[115], [109]] 0073 006D 
[226, 132, 161] 2121 ---> [[116], [101], [108]] 0074 0065 006C 
[226, 132, 162] 2122 ---> [[116], [109]] 0074 006D 
[226, 132, 164] 2124 ---> [[122]] 007A 
[226, 132, 166] 2126 ---> [[207, 137]] 03C9 
[226, 132, 168] 2128 ---> [[122]] 007A 
[226, 132, 170] 212A ---> [[107]] 006B 
[226, 132, 171] 212B ---> [[195, 165]] 00E5 
[226, 132, 172] 212C ---> [[98]] 0062 
[226, 132, 173] 212D ---> [[99]] 0063 
[226, 132, 176] 2130 ---> [[101]] 0065 
[226, 132, 177] 2131 ---> [[102]] 0066 
[226, 132, 179] 2133 ---> [[109]] 006D 
[226, 132, 190] 213E ---> [[206, 179]] 03B3 
[226, 132, 191] 213F ---> [[207, 128]] 03C0 
[226, 133, 133] 2145 ---> [[100]] 0064 
[226, 133, 160] 2160 ---> [[226, 133, 176]] 2170 
[226, 133, 161] 2161 ---> [[226, 133, 177]] 2171 
[226, 133, 162] 2162 ---> [[226, 133, 178]] 2172 
[226, 133, 163] 2163 ---> [[226, 133, 179]] 2173 
[226, 133, 164] 2164 ---> [[226, 133, 180]] 2174 
[226, 133, 165] 2165 ---> [[226, 133, 181]] 2175 
[226, 133, 166] 2166 ---> [[226, 133, 182]] 2176 
[226, 133, 167] 2167 ---> [[226, 133, 183]] 2177 
[226, 133, 168] 2168 ---> [[226, 133, 184]] 2178 
[226, 133, 169] 2169 ---> [[226, 133, 185]] 2179 
[226, 133, 170] 216A ---> [[226, 133, 186]] 217A 
[226, 133, 171] 216B ---> [[226, 133, 187]] 217B 
[226, 133, 172] 216C ---> [[226, 133, 188]] 217C 
[226, 133, 173] 216D ---> [[226, 133, 189]] 217D 
[226, 133, 174] 216E ---> [[226, 133, 190]] 217E 
[226, 133, 175] 216F ---> [[226, 133, 191]] 217F 
[226, 146, 182] 24B6 ---> [[226, 147, 144]] 24D0 
[226, 146, 183] 24B7 ---> [[226, 147, 145]] 24D1 
[226, 146, 184] 24B8 ---> [[226, 147, 146]] 24D2 
[226, 146, 185] 24B9 ---> [[226, 147, 147]] 24D3 
[226, 146, 186] 24BA ---> [[226, 147, 148]] 24D4 
[226, 146, 187] 24BB ---> [[226, 147, 149]] 24D5 
[226, 146, 188] 24BC ---> [[226, 147, 150]] 24D6 
[226, 146, 189] 24BD ---> [[226, 147, 151]] 24D7 
[226, 146, 190] 24BE ---> [[226, 147, 152]] 24D8 
[226, 146, 191] 24BF ---> [[226, 147, 153]] 24D9 
[226, 147, 128] 24C0 ---> [[226, 147, 154]] 24DA 
[226, 147, 129] 24C1 ---> [[226, 147, 155]] 24DB 
[226, 147, 130] 24C2 ---> [[226, 147, 156]] 24DC 
[226, 147, 131] 24C3 ---> [[226, 147, 157]] 24DD 
[226, 147, 132] 24C4 ---> [[226, 147, 158]] 24DE 
[226, 147, 133] 24C5 ---> [[226, 147, 159]] 24DF 
[226, 147, 134] 24C6 ---> [[226, 147, 160]] 24E0 
[226, 147, 135] 24C7 ---> [[226, 147, 161]] 24E1 
[226, 147, 136] 24C8 ---> [[226, 147, 162]] 24E2 
[226, 147, 137] 24C9 ---> [[226, 147, 163]] 24E3 
[226, 147, 138] 24CA ---> [[226, 147, 164]] 24E4 
[226, 147, 139] 24CB ---> [[226, 147, 165]] 24E5 
[226, 147, 140] 24CC ---> [[226, 147, 166]] 24E6 
[226, 147, 141] 24CD ---> [[226, 147, 167]] 24E7 
[226, 147, 142] 24CE ---> [[226, 147, 168]] 24E8 
[226, 147, 143] 24CF ---> [[226, 147, 169]] 24E9 
[227, 141, 177] 3371 ---> [[104], [112], [97]] 0068 0070 0061 
[227, 141, 179] 3373 ---> [[97], [117]] 0061 0075 
[227, 141, 181] 3375 ---> [[111], [118]] 006F 0076 
[227, 142, 128] 3380 ---> [[112], [97]] 0070 0061 
[227, 142, 129] 3381 ---> [[110], [97]] 006E 0061 
[227, 142, 130] 3382 ---> [[206, 188], [97]] 03BC 0061 
[227, 142, 131] 3383 ---> [[109], [97]] 006D 0061 
[227, 142, 132] 3384 ---> [[107], [97]] 006B 0061 
[227, 142, 133] 3385 ---> [[107], [98]] 006B 0062 
[227, 142, 134] 3386 ---> [[109], [98]] 006D 0062 
[227, 142, 135] 3387 ---> [[103], [98]] 0067 0062 
[227, 142, 138] 338A ---> [[112], [102]] 0070 0066 
[227, 142, 139] 338B ---> [[110], [102]] 006E 0066 
[227, 142, 140] 338C ---> [[206, 188], [102]] 03BC 0066 
[227, 142, 144] 3390 ---> [[104], [122]] 0068 007A 
[227, 142, 145] 3391 ---> [[107], [104], [122]] 006B 0068 007A 
[227, 142, 146] 3392 ---> [[109], [104], [122]] 006D 0068 007A 
[227, 142, 147] 3393 ---> [[103], [104], [122]] 0067 0068 007A 
[227, 142, 148] 3394 ---> [[116], [104], [122]] 0074 0068 007A 
[227, 142, 169] 33A9 ---> [[112], [97]] 0070 0061 
[227, 142, 170] 33AA ---> [[107], [112], [97]] 006B 0070 0061 
[227, 142, 171] 33AB ---> [[109], [112], [97]] 006D 0070 0061 
[227, 142, 172] 33AC ---> [[103], [112], [97]] 0067 0070 0061 
[227, 142, 180] 33B4 ---> [[112], [118]] 0070 0076 
[227, 142, 181] 33B5 ---> [[110], [118]] 006E 0076 
[227, 142, 182] 33B6 ---> [[206, 188], [118]] 03BC 0076 
[227, 142, 183] 33B7 ---> [[109], [118]] 006D 0076 
[227, 142, 184] 33B8 ---> [[107], [118]] 006B 0076 
[227, 142, 185] 33B9 ---> [[109], [118]] 006D 0076 
[227, 142, 186] 33BA ---> [[112], [119]] 0070 0077 
[227, 142, 187] 33BB ---> [[110], [119]] 006E 0077 
[227, 142, 188] 33BC ---> [[206, 188], [119]] 03BC 0077 
[227, 142, 189] 33BD ---> [[109], [119]] 006D 0077 
[227, 142, 190] 33BE ---> [[107], [119]] 006B 0077 
[227, 142, 191] 33BF ---> [[109], [119]] 006D 0077 
[227, 143, 128] 33C0 ---> [[107], [207, 137]] 006B 03C9 
[227, 143, 129] 33C1 ---> [[109], [207, 137]] 006D 03C9 
[227, 143, 131] 33C3 ---> [[98], [113]] 0062 0071 
[227, 143, 134] 33C6 ---> [[99], [226, 136, 149], [107], [103]] 0063 2215 006B 0067 
[227, 143, 135] 33C7 ---> [[99], [111], [46]] 0063 006F 002E 
[227, 143, 136] 33C8 ---> [[100], [98]] 0064 0062 
[227, 143, 137] 33C9 ---> [[103], [121]] 0067 0079 
[227, 143, 139] 33CB ---> [[104], [112]] 0068 0070 
[227, 143, 141] 33CD ---> [[107], [107]] 006B 006B 
[227, 143, 142] 33CE ---> [[107], [109]] 006B 006D 
[227, 143, 151] 33D7 ---> [[112], [104]] 0070 0068 
[227, 143, 153] 33D9 ---> [[112], [112], [109]] 0070 0070 006D 
[227, 143, 154] 33DA ---> [[112], [114]] 0070 0072 
[227, 143, 156] 33DC ---> [[115], [118]] 0073 0076 
[227, 143, 157] 33DD ---> [[119], [98]] 0077 0062 
[239, 172, 128] FB00 ---> [[102], [102]] 0066 0066 
[239, 172, 129] FB01 ---> [[102], [105]] 0066 0069 
[239, 172, 130] FB02 ---> [[102], [108]] 0066 006C 
[239, 172, 131] FB03 ---> [[102], [102], [105]] 0066 0066 0069 
[239, 172, 132] FB04 ---> [[102], [102], [108]] 0066 0066 006C 
[239, 172, 133] FB05 ---> [[115], [116]] 0073 0074 
[239, 172, 134] FB06 ---> [[115], [116]] 0073 0074 
[239, 172, 147] FB13 ---> [[213, 180], [213, 182]] 0574 0576 
[239, 172, 148] FB14 ---> [[213, 180], [213, 165]] 0574 0565 
[239, 172, 149] FB15 ---> [[213, 180], [213, 171]] 0574 056B 
[239, 172, 150] FB16 ---> [[213, 190], [213, 182]] 057E 0576 
[239, 172, 151] FB17 ---> [[213, 180], [213, 173]] 0574 056D 
[239, 188, 161] FF21 ---> [[239, 189, 129]] FF41 
[239, 188, 162] FF22 ---> [[239, 189, 130]] FF42 
[239, 188, 163] FF23 ---> [[239, 189, 131]] FF43 
[239, 188, 164] FF24 ---> [[239, 189, 132]] FF44 
[239, 188, 165] FF25 ---> [[239, 189, 133]] FF45 
[239, 188, 166] FF26 ---> [[239, 189, 134]] FF46 
[239, 188, 167] FF27 ---> [[239, 189, 135]] FF47 
[239, 188, 168] FF28 ---> [[239, 189, 136]] FF48 
[239, 188, 169] FF29 ---> [[239, 189, 137]] FF49 
[239, 188, 170] FF2A ---> [[239, 189, 138]] FF4A 
[239, 188, 171] FF2B ---> [[239, 189, 139]] FF4B 
[239, 188, 172] FF2C ---> [[239, 189, 140]] FF4C 
[239, 188, 173] FF2D ---> [[239, 189, 141]] FF4D 
[239, 188, 174] FF2E ---> [[239, 189, 142]] FF4E 
[239, 188, 175] FF2F ---> [[239, 189, 143]] FF4F 
[239, 188, 176] FF30 ---> [[239, 189, 144]] FF50 
[239, 188, 177] FF31 ---> [[239, 189, 145]] FF51 
[239, 188, 178] FF32 ---> [[239, 189, 146]] FF52 
[239, 188, 179] FF33 ---> [[239, 189, 147]] FF53 
[239, 188, 180] FF34 ---> [[239, 189, 148]] FF54 
[239, 188, 181] FF35 ---> [[239, 189, 149]] FF55 
[239, 188, 182] FF36 ---> [[239, 189, 150]] FF56 
[239, 188, 183] FF37 ---> [[239, 189, 151]] FF57 
[239, 188, 184] FF38 ---> [[239, 189, 152]] FF58 
[239, 188, 185] FF39 ---> [[239, 189, 153]] FF59 
[239, 188, 186] FF3A ---> [[239, 189, 154]] FF5A 
