[240, 144, 144, 128] 10400 ---> [[240, 144, 144, 168]] 10428 
[240, 144, 144, 129] 10401 ---> [[240, 144, 144, 169]] 10429 
[240, 144, 144, 130] 10402 ---> [[240, 144, 144, 170]] 1042A 
[240, 144, 144, 131] 10403 ---> [[240, 144, 144, 171]] 1042B 
[240, 144, 144, 132] 10404 ---> [[240, 144, 144, 172]] 1042C 
[240, 144, 144, 133] 10405 ---> [[240, 144, 144, 173]] 1042D 
[240, 144, 144, 134] 10406 ---> [[240, 144, 144, 174]] 1042E 
[240, 144, 144, 135] 10407 ---> [[240, 144, 144, 175]] 1042F 
[240, 144, 144, 136] 10408 ---> [[240, 144, 144, 176]] 10430 
[240, 144, 144, 137] 10409 ---> [[240, 144, 144, 177]] 10431 
[240, 144, 144, 138] 1040A ---> [[240, 144, 144, 178]] 10432 
[240, 144, 144, 139] 1040B ---> [[240, 144, 144, 179]] 10433 
[240, 144, 144, 140] 1040C ---> [[240, 144, 144, 180]] 10434 
[240, 144, 144, 141] 1040D ---> [[240, 144, 144, 181]] 10435 
[240, 144, 144, 142] 1040E ---> [[240, 144, 144, 182]] 10436 
[240, 144, 144, 143] 1040F ---> [[240, 144, 144, 183]] 10437 
[240, 144, 144, 144] 10410 ---> [[240, 144, 144, 184]] 10438 
[240, 144, 144, 145] 10411 ---> [[240, 144, 144, 185]] 10439 
[240, 144, 144, 146] 10412 ---> [[240, 144, 144, 186]] 1043A 
[240, 144, 144, 147] 10413 ---> [[240, 144, 144, 187]] 1043B 
[240, 144, 144, 148] 10414 ---> [[240, 144, 144, 188]] 1043C 
[240, 144, 144, 149] 10415 ---> [[240, 144, 144, 189]] 1043D 
[240, 144, 144, 150] 10416 ---> [[240, 144, 144, 190]] 1043E 
[240, 144, 144, 151] 10417 ---> [[240, 144, 144, 191]] 1043F 
[240, 144, 144, 152] 10418 ---> [[240, 144, 145, 128]] 10440 
[240, 144, 144, 153] 10419 ---> [[240, 144, 145, 129]] 10441 
[240, 144, 144, 154] 1041A ---> [[240, 144, 145, 130]] 10442 
[240, 144, 144, 155] 1041B ---> [[240, 144, 145, 131]] 10443 
[240, 144, 144, 156] 1041C ---> [[240, 144, 145, 132]] 10444 
[240, 144, 144, 157] 1041D ---> [[240, 144, 145, 133]] 10445 
[240, 144, 144, 158] 1041E ---> [[240, 144, 145, 134]] 10446 
[240, 144, 144, 159] 1041F ---> [[240, 144, 145, 135]] 10447 
[240, 144, 144, 160] 10420 ---> [[240, 144, 145, 136]] 10448 
[240, 144, 144, 161] 10421 ---> [[240, 144, 145, 137]] 10449 
[240, 144, 144, 162] 10422 ---> [[240, 144, 145, 138]] 1044A 
[240, 144, 144, 163] 10423 ---> [[240, 144, 145, 139]] 1044B 
[240, 144, 144, 164] 10424 ---> [[240, 144, 145, 140]] 1044C 
[240, 144, 144, 165] 10425 ---> [[240, 144, 145, 141]] 1044D 
[240, 157, 144, 128] 1D400 ---> [[97]] 0061 
[240, 157, 144, 129] 1D401 ---> [[98]] 0062 
[240, 157, 144, 130] 1D402 ---> [[99]] 0063 
[240, 157, 144, 131] 1D403 ---> [[100]] 0064 
[240, 157, 144, 132] 1D404 ---> [[101]] 0065 
[240, 157, 144, 133] 1D405 ---> [[102]] 0066 
[240, 157, 144, 134] 1D406 ---> [[103]] 0067 
[240, 157, 144, 135] 1D407 ---> [[104]] 0068 
[240, 157, 144, 136] 1D408 ---> [[105]] 0069 
[240, 157, 144, 137] 1D409 ---> [[106]] 006A 
[240, 157, 144, 138] 1D40A ---> [[107]] 006B 
[240, 157, 144, 139] 1D40B ---> [[108]] 006C 
[240, 157, 144, 140] 1D40C ---> [[109]] 006D 
[240, 157, 144, 141] 1D40D ---> [[110]] 006E 
[240, 157, 144, 142] 1D40E ---> [[111]] 006F 
[240, 157, 144, 143] 1D40F ---> [[112]] 0070 
[240, 157, 144, 144] 1D410 ---> [[113]] 0071 
[240, 157, 144, 145] 1D411 ---> [[114]] 0072 
[240, 157, 144, 146] 1D412 ---> [[115]] 0073 
[240, 157, 144, 147] 1D413 ---> [[116]] 0074 
[240, 157, 144, 148] 1D414 ---> [[117]] 0075 
[240, 157, 144, 149] 1D415 ---> [[118]] 0076 
[240, 157, 144, 150] 1D416 ---> [[119]] 0077 
[240, 157, 144, 151] 1D417 ---> [[120]] 0078 
[240, 157, 144, 152] 1D418 ---> [[121]] 0079 
[240, 157, 144, 153] 1D419 ---> [[122]] 007A 
[240, 157, 144, 180] 1D434 ---> [[97]] 0061 
[240, 157, 144, 181] 1D435 ---> [[98]] 0062 
[240, 157, 144, 182] 1D436 ---> [[99]] 0063 
[240, 157, 144, 183] 1D437 ---> [[100]] 0064 
[240, 157, 144, 184] 1D438 ---> [[101]] 0065 
[240, 157, 144, 185] 1D439 ---> [[102]] 0066 
[240, 157, 144, 186] 1D43A ---> [[103]] 0067 
[240, 157, 144, 187] 1D43B ---> [[104]] 0068 
[240, 157, 144, 188] 1D43C ---> [[105]] 0069 
[240, 157, 144, 189] 1D43D ---> [[106]] 006A 
[240, 157, 144, 190] 1D43E ---> [[107]] 006B 
[240, 157, 144, 191] 1D43F ---> [[108]] 006C 
[240, 157, 145, 128] 1D440 ---> [[109]] 006D 
[240, 157, 145, 129] 1D441 ---> [[110]] 006E 
[240, 157, 145, 130] 1D442 ---> [[111]] 006F 
[240, 157, 145, 131] 1D443 ---> [[112]] 0070 
[240, 157, 145, 132] 1D444 ---> [[113]] 0071 
[240, 157, 145, 133] 1D445 ---> [[114]] 0072 
[240, 157, 145, 134] 1D446 ---> [[115]] 0073 
[240, 157, 145, 135] 1D447 ---> [[116]] 0074 
[240, 157, 145, 136] 1D448 ---> [[117]] 0075 
[240, 157, 145, 137] 1D449 ---> [[118]] 0076 
[240, 157, 145, 138] 1D44A ---> [[119]] 0077 
[240, 157, 145, 139] 1D44B ---> [[120]] 0078 
[240, 157, 145, 140] 1D44C ---> [[121]] 0079 
[240, 157, 145, 141] 1D44D ---> [[122]] 007A 
[240, 157, 145, 168] 1D468 ---> [[97]] 0061 
[240, 157, 145, 169] 1D469 ---> [[98]] 0062 
[240, 157, 145, 170] 1D46A ---> [[99]] 0063 
[240, 157, 145, 171] 1D46B ---> [[100]] 0064 
[240, 157, 145, 172] 1D46C ---> [[101]] 0065 
[240, 157, 145, 173] 1D46D ---> [[102]] 0066 
[240, 157, 145, 174] 1D46E ---> [[103]] 0067 
[240, 157, 145, 175] 1D46F ---> [[104]] 0068 
[240, 157, 145, 176] 1D470 ---> [[105]] 0069 
[240, 157, 145, 177] 1D471 ---> [[106]] 006A 
[240, 157, 145, 178] 1D472 ---> [[107]] 006B 
[240, 157, 145, 179] 1D473 ---> [[108]] 006C 
[240, 157, 145, 180] 1D474 ---> [[109]] 006D 
[240, 157, 145, 181] 1D475 ---> [[110]] 006E 
[240, 157, 145, 182] 1D476 ---> [[111]] 006F 
[240, 157, 145, 183] 1D477 ---> [[112]] 0070 
[240, 157, 145, 184] 1D478 ---> [[113]] 0071 
[240, 157, 145, 185] 1D479 ---> [[114]] 0072 
[240, 157, 145, 186] 1D47A ---> [[115]] 0073 
[240, 157, 145, 187] 1D47B ---> [[116]] 0074 
[240, 157, 145, 188] 1D47C ---> [[117]] 0075 
[240, 157, 145, 189] 1D47D ---> [[118]] 0076 
[240, 157, 145, 190] 1D47E ---> [[119]] 0077 
[240, 157, 145, 191] 1D47F ---> [[120]] 0078 
[240, 157, 146, 128] 1D480 ---> [[121]] 0079 
[240, 157, 146, 129] 1D481 ---> [[122]] 007A 
[240, 157, 146, 156] 1D49C ---> [[97]] 0061 
[240, 157, 146, 158] 1D49E ---> [[99]] 0063 
[240, 157, 146, 159] 1D49F ---> [[100]] 0064 
[240, 157, 146, 162] 1D4A2 ---> [[103]] 0067 
[240, 157, 146, 165] 1D4A5 ---> [[106]] 006A 
[240, 157, 146, 166] 1D4A6 ---> [[107]] 006B 
[240, 157, 146, 169] 1D4A9 ---> [[110]] 006E 
[240, 157, 146, 170] 1D4AA ---> [[111]] 006F 
[240, 157, 146, 171] 1D4AB ---> [[112]] 0070 
[240, 157, 146, 172] 1D4AC ---> [[113]] 0071 
[240, 157, 146, 174] 1D4AE ---> [[115]] 0073 
[240, 157, 146, 175] 1D4AF ---> [[116]] 0074 
[240, 157, 146, 176] 1D4B0 ---> [[117]] 0075 
[240, 157, 146, 177] 1D4B1 ---> [[118]] 0076 
[240, 157, 146, 178] 1D4B2 ---> [[119]] 0077 
[240, 157, 146, 179] 1D4B3 ---> [[120]] 0078 
[240, 157, 146, 180] 1D4B4 ---> [[121]] 0079 
[240, 157, 146, 181] 1D4B5 ---> [[122]] 007A 
[240, 157, 147, 144] 1D4D0 ---> [[97]] 0061 
[240, 157, 147, 145] 1D4D1 ---> [[98]] 0062 
[240, 157, 147, 146] 1D4D2 ---> [[99]] 0063 
[240, 157, 147, 147] 1D4D3 ---> [[100]] 0064 
[240, 157, 147, 148] 1D4D4 ---> [[101]] 0065 
[240, 157, 147, 149] 1D4D5 ---> [[102]] 0066 
[240, 157, 147, 150] 1D4D6 ---> [[103]] 0067 
[240, 157, 147, 151] 1D4D7 ---> [[104]] 0068 
[240, 157, 147, 152] 1D4D8 ---> [[105]] 0069 
[240, 157, 147, 153] 1D4D9 ---> [[106]] 006A 
[240, 157, 147, 154] 1D4DA ---> [[107]] 006B 
[240, 157, 147, 155] 1D4DB ---> [[108]] 006C 
[240, 157, 147, 156] 1D4DC ---> [[109]] 006D 
[240, 157, 147, 157] 1D4DD ---> [[110]] 006E 
[240, 157, 147, 158] 1D4DE ---> [[111]] 006F 
[240, 157, 147, 159] 1D4DF ---> [[112]] 0070 
[240, 157, 147, 160] 1D4E0 ---> [[113]] 0071 
[240, 157, 147, 161] 1D4E1 ---> [[114]] 0072 
[240, 157, 147, 162] 1D4E2 ---> [[115]] 0073 
[240, 157, 147, 163] 1D4E3 ---> [[116]] 0074 
[240, 157, 147, 164] 1D4E4 ---> [[117]] 0075 
[240, 157, 147, 165] 1D4E5 ---> [[118]] 0076 
[240, 157, 147, 166] 1D4E6 ---> [[119]] 0077 
[240, 157, 147, 167] 1D4E7 ---> [[120]] 0078 
[240, 157, 147, 168] 1D4E8 ---> [[121]] 0079 
[240, 157, 147, 169] 1D4E9 ---> [[122]] 007A 
[240, 157, 148, 132] 1D504 ---> [[97]] 0061 
[240, 157, 148, 133] 1D505 ---> [[98]] 0062 
[240, 157, 148, 135] 1D507 ---> [[100]] 0064 
[240, 157, 148, 136] 1D508 ---> [[101]] 0065 
[240, 157, 148, 137] 1D509 ---> [[102]] 0066 
[240, 157, 148, 138] 1D50A ---> [[103]] 0067 
[240, 157, 148, 141] 1D50D ---> [[106]] 006A 
[240, 157, 148, 142] 1D50E ---> [[107]] 006B 
[240, 157, 148, 143] 1D50F ---> [[108]] 006C 
[240, 157, 148, 144] 1D510 ---> [[109]] 006D 
[240, 157, 148, 145] 1D511 ---> [[110]] 006E 
[240, 157, 148, 146] 1D512 ---> [[111]] 006F 
[240, 157, 148, 147] 1D513 ---> [[112]] 0070 
[240, 157, 148, 148] 1D514 ---> [[113]] 0071 
[240, 157, 148, 150] 1D516 ---> [[115]] 0073 
[240, 157, 148, 151] 1D517 ---> [[116]] 0074 
[240, 157, 148, 152] 1D518 ---> [[117]] 0075 
[240, 157, 148, 153] 1D519 ---> [[118]] 0076 
[240, 157, 148, 154] 1D51A ---> [[119]] 0077 
[240, 157, 148, 155] 1D51B ---> [[120]] 0078 
[240, 157, 148, 156] 1D51C ---> [[121]] 0079 
[240, 157, 148, 184] 1D538 ---> [[97]] 0061 
[240, 157, 148, 185] 1D539 ---> [[98]] 0062 
[240, 157, 148, 187] 1D53B ---> [[100]] 0064 
[240, 157, 148, 188] 1D53C ---> [[101]] 0065 
[240, 157, 148, 189] 1D53D ---> [[102]] 0066 
[240, 157, 148, 190] 1D53E ---> [[103]] 0067 
[240, 157, 149, 128] 1D540 ---> [[105]] 0069 
[240, 157, 149, 129] 1D541 ---> [[106]] 006A 
[240, 157, 149, 130] 1D542 ---> [[107]] 006B 
[240, 157, 149, 131] 1D543 ---> [[108]] 006C 
[240, 157, 149, 132] 1D544 ---> [[109]] 006D 
[240, 157, 149, 134] 1D546 ---> [[111]] 006F 
[240, 157, 149, 138] 1D54A ---> [[115]] 0073 
[240, 157, 149, 139] 1D54B ---> [[116]] 0074 
[240, 157, 149, 140] 1D54C ---> [[117]] 0075 
[240, 157, 149, 141] 1D54D ---> [[118]] 0076 
[240, 157, 149, 142] 1D54E ---> [[119]] 0077 
[240, 157, 149, 143] 1D54F ---> [[120]] 0078 
[240, 157, 149, 144] 1D550 ---> [[121]] 0079 
[240, 157, 149, 172] 1D56C ---> [[97]] 0061 
[240, 157, 149, 173] 1D56D ---> [[98]] 0062 
[240, 157, 149, 174] 1D56E ---> [[99]] 0063 
[240, 157, 149, 175] 1D56F ---> [[100]] 0064 
[240, 157, 149, 176] 1D570 ---> [[101]] 0065 
[240, 157, 149, 177] 1D571 ---> [[102]] 0066 
[240, 157, 149, 178] 1D572 ---> [[103]] 0067 
[240, 157, 149, 179] 1D573 ---> [[104]] 0068 
[240, 157, 149, 180] 1D574 ---> [[105]] 0069 
[240, 157, 149, 181] 1D575 ---> [[106]] 006A 
[240, 157, 149, 182] 1D576 ---> [[107]] 006B 
[240, 157, 149, 183] 1D577 ---> [[108]] 006C 
[240, 157, 149, 184] 1D578 ---> [[109]] 006D 
[240, 157, 149, 185] 1D579 ---> [[110]] 006E 
[240, 157, 149, 186] 1D57A ---> [[111]] 006F 
[240, 157, 149, 187] 1D57B ---> [[112]] 0070 
[240, 157, 149, 188] 1D57C ---> [[113]] 0071 
[240, 157, 149, 189] 1D57D ---> [[114]] 0072 
[240, 157, 149, 190] 1D57E ---> [[115]] 0073 
[240, 157, 149, 191] 1D57F ---> [[116]] 0074 
[240, 157, 150, 128] 1D580 ---> [[117]] 0075 
[240, 157, 150, 129] 1D581 ---> [[118]] 0076 
[240, 157, 150, 130] 1D582 ---> [[119]] 0077 
[240, 157, 150, 131] 1D583 ---> [[120]] 0078 
[240, 157, 150, 132] 1D584 ---> [[121]] 0079 
[240, 157, 150, 133] 1D585 ---> [[122]] 007A 
[240, 157, 150, 160] 1D5A0 ---> [[97]] 0061 
[240, 157, 150, 161] 1D5A1 ---> [[98]] 0062 
[240, 157, 150, 162] 1D5A2 ---> [[99]] 0063 
[240, 157, 150, 163] 1D5A3 ---> [[100]] 0064 
[240, 157, 150, 164] 1D5A4 ---> [[101]] 0065 
[240, 157, 150, 165] 1D5A5 ---> [[102]] 0066 
[240, 157, 150, 166] 1D5A6 ---> [[103]] 0067 
[240, 157, 150, 167] 1D5A7 ---> [[104]] 0068 
[240, 157, 150, 168] 1D5A8 ---> [[105]] 0069 
[240, 157, 150, 169] 1D5A9 ---> [[106]] 006A 
[240, 157, 150, 170] 1D5AA ---> [[107]] 006B 
[240, 157, 150, 171] 1D5AB ---> [[108]] 006C 
[240, 157, 150, 172] 1D5AC ---> [[109]] 006D 
[240, 157, 150, 173] 1D5AD ---> [[110]] 006E 
[240, 157, 150, 174] 1D5AE ---> [[111]] 006F 
[240, 157, 150, 175] 1D5AF ---> [[112]] 0070 
[240, 157, 150, 176] 1D5B0 ---> [[113]] 0071 
[240, 157, 150, 177] 1D5B1 ---> [[114]] 0072 
[240, 157, 150, 178] 1D5B2 ---> [[115]] 0073 
[240, 157, 150, 179] 1D5B3 ---> [[116]] 0074 
[240, 157, 150, 180] 1D5B4 ---> [[117]] 0075 
[240, 157, 150, 181] 1D5B5 ---> [[118]] 0076 
[240, 157, 150, 182] 1D5B6 ---> [[119]] 0077 
[240, 157, 150, 183] 1D5B7 ---> [[120]] 0078 
[240, 157, 150, 184] 1D5B8 ---> [[121]] 0079 
[240, 157, 150, 185] 1D5B9 ---> [[122]] 007A 
[240, 157, 151, 148] 1D5D4 ---> [[97]] 0061 
[240, 157, 151, 149] 1D5D5 ---> [[98]] 0062 
[240, 157, 151, 150] 1D5D6 ---> [[99]] 0063 
[240, 157, 151, 151] 1D5D7 ---> [[100]] 0064 
[240, 157, 151, 152] 1D5D8 ---> [[101]] 0065 
[240, 157, 151, 153] 1D5D9 ---> [[102]] 0066 
[240, 157, 151, 154] 1D5DA ---> [[103]] 0067 
[240, 157, 151, 155] 1D5DB ---> [[104]] 0068 
[240, 157, 151, 156] 1D5DC ---> [[105]] 0069 
[240, 157, 151, 157] 1D5DD ---> [[106]] 006A 
[240, 157, 151, 158] 1D5DE ---> [[107]] 006B 
[240, 157, 151, 159] 1D5DF ---> [[108]] 006C 
[240, 157, 151, 160] 1D5E0 ---> [[109]] 006D 
[240, 157, 151, 161] 1D5E1 ---> [[110]] 006E 
[240, 157, 151, 162] 1D5E2 ---> [[111]] 006F 
[240, 157, 151, 163] 1D5E3 ---> [[112]] 0070 
[240, 157, 151, 164] 1D5E4 ---> [[113]] 0071 
[240, 157, 151, 165] 1D5E5 ---> [[114]] 0072 
[240, 157, 151, 166] 1D5E6 ---> [[115]] 0073 
[240, 157, 151, 167] 1D5E7 ---> [[116]] 0074 
[240, 157, 151, 168] 1D5E8 ---> [[117]] 0075 
[240, 157, 151, 169] 1D5E9 ---> [[118]] 0076 
[240, 157, 151, 170] 1D5EA ---> [[119]] 0077 
[240, 157, 151, 171] 1D5EB ---> [[120]] 0078 
[240, 157, 151, 172] 1D5EC ---> [[121]] 0079 
[240, 157, 151, 173] 1D5ED ---> [[122]] 007A 
[240, 157, 152, 136] 1D608 ---> [[97]] 0061 
[240, 157, 152, 137] 1D609 ---> [[98]] 0062 
[240, 157, 152, 138] 1D60A ---> [[99]] 0063 
[240, 157, 152, 139] 1D60B ---> [[100]] 0064 
[240, 157, 152, 140] 1D60C ---> [[101]] 0065 
[240, 157, 152, 141] 1D60D ---> [[102]] 0066 
[240, 157, 152, 142] 1D60E ---> [[103]] 0067 
[240, 157, 152, 143] 1D60F ---> [[104]] 0068 
[240, 157, 152, 144] 1D610 ---> [[105]] 0069 
[240, 157, 152, 145] 1D611 ---> [[106]] 006A 
[240, 157, 152, 146] 1D612 ---> [[107]] 006B 
[240, 157, 152, 147] 1D613 ---> [[108]] 006C 
[240, 157, 152, 148] 1D614 ---> [[109]] 006D 
[240, 157, 152, 149] 1D615 ---> [[110]] 006E 
[240, 157, 152, 150] 1D616 ---> [[111]] 006F 
[240, 157, 152, 151] 1D617 ---> [[112]] 0070 
[240, 157, 152, 152] 1D618 ---> [[113]] 0071 
[240, 157, 152, 153] 1D619 ---> [[114]] 0072 
[240, 157, 152, 154] 1D61A ---> [[115]] 0073 
[240, 157, 152, 155] 1D61B ---> [[116]] 0074 
[240, 157, 152, 156] 1D61C ---> [[117]] 0075 
[240, 157, 152, 157] 1D61D ---> [[118]] 0076 
[240, 157, 152, 158] 1D61E ---> [[119]] 0077 
[240, 157, 152, 159] 1D61F ---> [[120]] 0078 
[240, 157, 152, 160] 1D620 ---> [[121]] 0079 
[240, 157, 152, 161] 1D621 ---> [[122]] 007A 
[240, 157, 152, 188] 1D63C ---> [[97]] 0061 
[240, 157, 152, 189] 1D63D ---> [[98]] 0062 
[240, 157, 152, 190] 1D63E ---> [[99]] 0063 
[240, 157, 152, 191] 1D63F ---> [[100]] 0064 
[240, 157, 153, 128] 1D640 ---> [[101]] 0065 
[240, 157, 153, 129] 1D641 ---> [[102]] 0066 
[240, 157, 153, 130] 1D642 ---> [[103]] 0067 
[240, 157, 153, 131] 1D643 ---> [[104]] 0068 
[240, 157, 153, 132] 1D644 ---> [[105]] 0069 
[240, 157, 153, 133] 1D645 ---> [[106]] 006A 
[240, 157, 153, 134] 1D646 ---> [[107]] 006B 
[240, 157, 153, 135] 1D647 ---> [[108]] 006C 
[240, 157, 153, 136] 1D648 ---> [[109]] 006D 
[240, 157, 153, 137] 1D649 ---> [[110]] 006E 
[240, 157, 153, 138] 1D64A ---> [[111]] 006F 
[240, 157, 153, 139] 1D64B ---> [[112]] 0070 
[240, 157, 153, 140] 1D64C ---> [[113]] 0071 
[240, 157, 153, 141] 1D64D ---> [[114]] 0072 
[240, 157, 153, 142] 1D64E ---> [[115]] 0073 
[240, 157, 153, 143] 1D64F ---> [[116]] 0074 
[240, 157, 153, 144] 1D650 ---> [[117]] 0075 
[240, 157, 153, 145] 1D651 ---> [[118]] 0076 
[240, 157, 153, 146] 1D652 ---> [[119]] 0077 
[240, 157, 153, 147] 1D653 ---> [[120]] 0078 
[240, 157, 153, 148] 1D654 ---> [[121]] 0079 
[240, 157, 153, 149] 1D655 ---> [[122]] 007A 
[240, 157, 153, 176] 1D670 ---> [[97]] 0061 
[240, 157, 153, 177] 1D671 ---> [[98]] 0062 
[240, 157, 153, 178] 1D672 ---> [[99]] 0063 
[240, 157, 153, 179] 1D673 ---> [[100]] 0064 
[240, 157, 153, 180] 1D674 ---> [[101]] 0065 
[240, 157, 153, 181] 1D675 ---> [[102]] 0066 
[240, 157, 153, 182] 1D676 ---> [[103]] 0067 
[240, 157, 153, 183] 1D677 ---> [[104]] 0068 
[240, 157, 153, 184] 1D678 ---> [[105]] 0069 
[240, 157, 153, 185] 1D679 ---> [[106]] 006A 
[240, 157, 153, 186] 1D67A ---> [[107]] 006B 
[240, 157, 153, 187] 1D67B ---> [[108]] 006C 
[240, 157, 153, 188] 1D67C ---> [[109]] 006D 
[240, 157, 153, 189] 1D67D ---> [[110]] 006E 
[240, 157, 153, 190] 1D67E ---> [[111]] 006F 
[240, 157, 153, 191] 1D67F ---> [[112]] 0070 
[240, 157, 154, 128] 1D680 ---> [[113]] 0071 
[240, 157, 154, 129] 1D681 ---> [[114]] 0072 
[240, 157, 154, 130] 1D682 ---> [[115]] 0073 
[240, 157, 154, 131] 1D683 ---> [[116]] 0074 
[240, 157, 154, 132] 1D684 ---> [[117]] 0075 
[240, 157, 154, 133] 1D685 ---> [[118]] 0076 
[240, 157, 154, 134] 1D686 ---> [[119]] 0077 
[240, 157, 154, 135] 1D687 ---> [[120]] 0078 
[240, 157, 154, 136] 1D688 ---> [[121]] 0079 
[240, 157, 154, 137] 1D689 ---> [[122]] 007A 
[240, 157, 154, 168] 1D6A8 ---> [[206, 177]] 03B1 
[240, 157, 154, 169] 1D6A9 ---> [[206, 178]] 03B2 
[240, 157, 154, 170] 1D6AA ---> [[206, 179]] 03B3 
[240, 157, 154, 171] 1D6AB ---> [[206, 180]] 03B4 
[240, 157, 154, 172] 1D6AC ---> [[206, 181]] 03B5 
[240, 157, 154, 173] 1D6AD ---> [[206, 182]] 03B6 
[240, 157, 154, 174] 1D6AE ---> [[206, 183]] 03B7 
[240, 157, 154, 175] 1D6AF ---> [[206, 184]] 03B8 
[240, 157, 154, 176] 1D6B0 ---> [[206, 185]] 03B9 
[240, 157, 154, 177] 1D6B1 ---> [[206, 186]] 03BA 
[240, 157, 154, 178] 1D6B2 ---> [[206, 187]] 03BB 
[240, 157, 154, 179] 1D6B3 ---> [[206, 188]] 03BC 
[240, 157, 154, 180] 1D6B4 ---> [[206, 189]] 03BD 
[240, 157, 154, 181] 1D6B5 ---> [[206, 190]] 03BE 
[240, 157, 154, 182] 1D6B6 ---> [[206, 191]] 03BF 
[240, 157, 154, 183] 1D6B7 ---> [[207, 128]] 03C0 
[240, 157, 154, 184] 1D6B8 ---> [[207, 129]] 03C1 
[240, 157, 154, 185] 1D6B9 ---> [[206, 184]] 03B8 
[240, 157, 154, 186] 1D6BA ---> [[207, 131]] 03C3 
[240, 157, 154, 187] 1D6BB ---> [[207, 132]] 03C4 
[240, 157, 154, 188] 1D6BC ---> [[207, 133]] 03C5 
[240, 157, 154, 189] 1D6BD ---> [[207, 134]] 03C6 
[240, 157, 154, 190] 1D6BE ---> [[207, 135]] 03C7 
[240, 157, 154, 191] 1D6BF ---> [[207, 136]] 03C8 
[240, 157, 155, 128] 1D6C0 ---> [[207, 137]] 03C9 
[240, 157, 155, 147] 1D6D3 ---> [[207, 131]] 03C3 
[240, 157, 155, 162] 1D6E2 ---> [[206, 177]] 03B1 
[240, 157, 155, 163] 1D6E3 ---> [[206, 178]] 03B2 
[240, 157, 155, 164] 1D6E4 ---> [[206, 179]] 03B3 
[240, 157, 155, 165] 1D6E5 ---> [[206, 180]] 03B4 
[240, 157, 155, 166] 1D6E6 ---> [[206, 181]] 03B5 
[240, 157, 155, 167] 1D6E7 ---> [[206, 182]] 03B6 
[240, 157, 155, 168] 1D6E8 ---> [[206, 183]] 03B7 
[240, 157, 155, 169] 1D6E9 ---> [[206, 184]] 03B8 
[240, 157, 155, 170] 1D6EA ---> [[206, 185]] 03B9 
[240, 157, 155, 171] 1D6EB ---> [[206, 186]] 03BA 
[240, 157, 155, 172] 1D6EC ---> [[206, 187]] 03BB 
[240, 157, 155, 173] 1D6ED ---> [[206, 188]] 03BC 
[240, 157, 155, 174] 1D6EE ---> [[206, 189]] 03BD 
[240, 157, 155, 175] 1D6EF ---> [[206, 190]] 03BE 
[240, 157, 155, 176] 1D6F0 ---> [[206, 191]] 03BF 
[240, 157, 155, 177] 1D6F1 ---> [[207, 128]] 03C0 
[240, 157, 155, 178] 1D6F2 ---> [[207, 129]] 03C1 
[240, 157, 155, 179] 1D6F3 ---> [[206, 184]] 03B8 
[240, 157, 155, 180] 1D6F4 ---> [[207, 131]] 03C3 
[240, 157, 155, 181] 1D6F5 ---> [[207, 132]] 03C4 
[240, 157, 155, 182] 1D6F6 ---> [[207, 133]] 03C5 
[240, 157, 155, 183] 1D6F7 ---> [[207, 134]] 03C6 
[240, 157, 155, 184] 1D6F8 ---> [[207, 135]] 03C7 
[240, 157, 155, 185] 1D6F9 ---> [[207, 136]] 03C8 
[240, 157, 155, 186] 1D6FA ---> [[207, 137]] 03C9 
[240, 157, 156, 141] 1D70D ---> [[207, 131]] 03C3 
[240, 157, 156, 156] 1D71C ---> [[206, 177]] 03B1 
[240, 157, 156, 157] 1D71D ---> [[206, 178]] 03B2 
[240, 157, 156, 158] 1D71E ---> [[206, 179]] 03B3 
[240, 157, 156, 159] 1D71F ---> [[206, 180]] 03B4 
[240, 157, 156, 160] 1D720 ---> [[206, 181]] 03B5 
[240, 157, 156, 161] 1D721 ---> [[206, 182]] 03B6 
[240, 157, 156, 162] 1D722 ---> [[206, 183]] 03B7 
[240, 157, 156, 163] 1D723 ---> [[206, 184]] 03B8 
[240, 157, 156, 164] 1D724 ---> [[206, 185]] 03B9 
[240, 157, 156, 165] 1D725 ---> [[206, 186]] 03BA 
[240, 157, 156, 166] 1D726 ---> [[206, 187]] 03BB 
[240, 157, 156, 167] 1D727 ---> [[206, 188]] 03BC 
[240, 157, 156, 168] 1D728 ---> [[206, 189]] 03BD 
[240, 157, 156, 169] 1D729 ---> [[206, 190]] 03BE 
[240, 157, 156, 170] 1D72A ---> [[206, 191]] 03BF 
[240, 157, 156, 171] 1D72B ---> [[207, 128]] 03C0 
[240, 157, 156, 172] 1D72C ---> [[207, 129]] 03C1 
[240, 157, 156, 173] 1D72D ---> [[206, 184]] 03B8 
[240, 157, 156, 174] 1D72E ---> [[207, 131]] 03C3 
[240, 157, 156, 175] 1D72F ---> [[207, 132]] 03C4 
[240, 157, 156, 176] 1D730 ---> [[207, 133]] 03C5 
[240, 157, 156, 177] 1D731 ---> [[207, 134]] 03C6 
[240, 157, 156, 178] 1D732 ---> [[207, 135]] 03C7 
[240, 157, 156, 179] 1D733 ---> [[207, 136]] 03C8 
[240, 157, 156, 180] 1D734 ---> [[207, 137]] 03C9 
[240, 157, 157, 135] 1D747 ---> [[207, 131]] 03C3 
[240, 157, 157, 150] 1D756 ---> [[206, 177]] 03B1 
[240, 157, 157, 151] 1D757 ---> [[206, 178]] 03B2 
[240, 157, 157, 152] 1D758 ---> [[206, 179]] 03B3 
[240, 157, 157, 153] 1D759 ---> [[206, 180]] 03B4 
[240, 157, 157, 154] 1D75A ---> [[206, 181]] 03B5 
[240, 157, 157, 155] 1D75B ---> [[206, 182]] 03B6 
[240, 157, 157, 156] 1D75C ---> [[206, 183]] 03B7 
[240, 157, 157, 157] 1D75D ---> [[206, 184]] 03B8 
[240, 157, 157, 158] 1D75E ---> [[206, 185]] 03B9 
[240, 157, 157, 159] 1D75F ---> [[206, 186]] 03BA 
[240, 157, 157, 160] 1D760 ---> [[206, 187]] 03BB 
[240, 157, 157, 161] 1D761 ---> [[206, 188]] 03BC 
[240, 157, 157, 162] 1D762 ---> [[206, 189]] 03BD 
[240, 157, 157, 163] 1D763 ---> [[206, 190]] 03BE 
[240, 157, 157, 164] 1D764 ---> [[206, 191]] 03BF 
[240, 157, 157, 165] 1D765 ---> [[207, 128]] 03C0 
[240, 157, 157, 166] 1D766 ---> [[207, 129]] 03C1 
[240, 157, 157, 167] 1D767 ---> [[206, 184]] 03B8 
[240, 157, 157, 168] 1D768 ---> [[207, 131]] 03C3 
[240, 157, 157, 169] 1D769 ---> [[207, 132]] 03C4 
[240, 157, 157, 170] 1D76A ---> [[207, 133]] 03C5 
[240, 157, 157, 171] 1D76B ---> [[207, 134]] 03C6 
[240, 157, 157, 172] 1D76C ---> [[207, 135]] 03C7 
[240, 157, 157, 173] 1D76D ---> [[207, 136]] 03C8 
[240, 157, 157, 174] 1D76E ---> [[207, 137]] 03C9 
[240, 157, 158, 129] 1D781 ---> [[207, 131]] 03C3 
[240, 157, 158, 144] 1D790 ---> [[206, 177]] 03B1 
[240, 157, 158, 145] 1D791 ---> [[206, 178]] 03B2 
[240, 157, 158, 146] 1D792 ---> [[206, 179]] 03B3 
[240, 157, 158, 147] 1D793 ---> [[206, 180]] 03B4 
[240, 157, 158, 148] 1D794 ---> [[206, 181]] 03B5 
[240, 157, 158, 149] 1D795 ---> [[206, 182]] 03B6 
[240, 157, 158, 150] 1D796 ---> [[206, 183]] 03B7 
[240, 157, 158, 151] 1D797 ---> [[206, 184]] 03B8 
[240, 157, 158, 152] 1D798 ---> [[206, 185]] 03B9 
[240, 157, 158, 153] 1D799 ---> [[206, 186]] 03BA 
[240, 157, 158, 154] 1D79A ---> [[206, 187]] 03BB 
[240, 157, 158, 155] 1D79B ---> [[206, 188]] 03BC 
[240, 157, 158, 156] 1D79C ---> [[206, 189]] 03BD 
[240, 157, 158, 157] 1D79D ---> [[206, 190]] 03BE 
[240, 157, 158, 158] 1D79E ---> [[206, 191]] 03BF 
[240, 157, 158, 159] 1D79F ---> [[207, 128]] 03C0 
[240, 157, 158, 160] 1D7A0 ---> [[207, 129]] 03C1 
[240, 157, 158, 161] 1D7A1 ---> [[206, 184]] 03B8 
[240, 157, 158, 162] 1D7A2 ---> [[207, 131]] 03C3 
[240, 157, 158, 163] 1D7A3 ---> [[207, 132]] 03C4 
[240, 157, 158, 164] 1D7A4 ---> [[207, 133]] 03C5 
[240, 157, 158, 165] 1D7A5 ---> [[207, 134]] 03C6 
[240, 157, 158, 166] 1D7A6 ---> [[207, 135]] 03C7 
[240, 157, 158, 167] 1D7A7 ---> [[207, 136]] 03C8 
[240, 157, 158, 168] 1D7A8 ---> [[207, 137]] 03C9 
[240, 157, 158, 187] 1D7BB ---> [[207, 131]] 03C3 
